3000.32	4624
3000.96	4593.44
3001.6	4595.89
3002.23	4567.44
3002.87	4567
3003.51	4588.67
3004.15	4587.33
3004.79	4564.44
3005.43	4577
3006.06	4582.78
3006.7	4539
3007.34	4565.22
3007.98	4576.33
3008.61	4559.67
3009.25	4563.33
3009.89	4553.78
3010.53	4506.78
3011.16	4555.89
3011.8	4537.89
3012.44	4543.11
3013.07	4514.56
3013.71	4527.67
3014.35	4531.11
3014.98	4499.67
3015.62	4522.89
3016.26	4521.56
3016.89	4524.44
3017.53	4515.22
3018.17	4489.78
3018.8	4492
3019.44	4484.78
3020.07	4490.67
3020.71	4473.89
3021.35	4471.56
3021.98	4483.44
3022.62	4433.56
3023.25	4455.22
3023.89	4477
3024.52	4429.33
3025.16	4442.89
3025.79	4413
3026.43	4418.78
3027.06	4423.11
3027.7	4429.22
3028.33	4415.89
3028.97	4431.78
3029.6	4433
3030.24	4374.22
3030.87	4406.56
3031.51	4372
3032.14	4420.22
3032.77	4379.67
3033.41	4404.78
3034.04	4394.56
3034.68	4373
3035.31	4344.56
3035.94	4360
3036.58	4384.67
3037.21	4398.67
3037.84	4360.22
3038.48	4365.33
3039.11	4382.44
3039.75	4324.11
3040.38	4326.22
3041.01	4369.44
3041.64	4336.78
3042.28	4348.89
3042.91	4341.11
3043.54	4324.22
3044.17	4334.33
3044.81	4306.89
3045.44	4314.11
3046.07	4272.44
3046.7	4262.56
3047.34	4321.78
3047.97	4302.22
3048.6	4313.11
3049.23	4290.11
3049.86	4265.67
3050.5	4265.22
3051.13	4312
3051.76	4291.78
3052.39	4300
3053.02	4265.67
3053.65	4280.22
3054.28	4267.67
3054.92	4278.89
3055.55	4253.22
3056.18	4269.89
3056.81	4255.44
3057.44	4282.44
3058.07	4208.67
3058.7	4242.22
3059.33	4258
3059.96	4245.11
3060.59	4245.22
3061.22	4209.89
3061.85	4242.78
3062.48	4217.22
3063.11	4243.78
3063.74	4220.33
3064.37	4228.33
3065	4197.11
3065.63	4244.78
3066.26	4184.67
3066.89	4201.78
3067.52	4179.44
3068.15	4209.22
3068.78	4195.56
3069.41	4191.33
3070.04	4175
3070.67	4182.89
3071.29	4181.22
3071.92	4207.78
3072.55	4200.11
3073.18	4153.89
3073.81	4157.67
3074.44	4156.22
3075.07	4179.67
3075.69	4147.11
3076.32	4102.22
3076.95	4167.56
3077.58	4196.78
3078.21	4134.89
3078.83	4136.56
3079.46	4159.44
3080.09	4106.22
3080.72	4149
3081.34	4112.22
3081.97	4109
3082.6	4120.78
3083.23	4098.56
3083.85	4110.56
3084.48	4112.78
3085.11	4101.11
3085.73	4108.33
3086.36	4080.22
3086.99	4111.33
3087.61	4092.67
3088.24	4106.56
3088.87	4072.33
3089.49	4082.44
3090.12	4065.44
3090.75	4085.33
3091.37	4087.67
3092	4060.56
3092.62	4049.44
3093.25	4058.44
3093.88	4049.44
3094.5	4078.78
3095.13	4048.67
3095.75	4096.33
3096.38	4064.11
3097	4054.33
3097.63	4057
3098.25	4022.11
3098.88	4038.78
3099.5	4039.89
3100.13	4046.33
3100.75	4026.56
3101.38	4023.56
3102	4011.89
3102.63	4020.89
3103.25	4008.44
3103.88	4020.78
3104.5	3984
3105.12	4016.78
3105.75	3984.89
3106.37	3976
3107	3958.67
3107.62	3974.56
3108.24	4003.33
3108.87	3996.33
3109.49	3984.56
3110.11	3969.11
3110.74	3993
3111.36	3996.67
3111.99	3960.89
3112.61	3954.89
3113.23	3981.11
3113.85	3969.56
3114.48	3950.56
3115.1	3967.11
3115.72	3924.44
3116.35	3920.89
3116.97	3936.22
3117.59	3940.11
3118.21	3942
3118.84	3927.44
3119.46	3921.67
3120.08	3944.11
3120.7	3913.33
3121.32	3942.78
3121.95	3911.11
3122.57	3924.22
3123.19	3893.33
3123.81	3899.44
3124.43	3907.22
3125.05	3879.78
3125.67	3872.22
3126.3	3909.44
3126.92	3892.11
3127.54	3899.11
3128.16	3888.11
3128.78	3875.78
3129.4	3888.33
3130.02	3883.33
3130.64	3877.11
3131.26	3851.33
3131.88	3859.22
3132.5	3861.67
3133.12	3844.22
3133.74	3856.67
3134.36	3842.11
3134.98	3819.33
3135.6	3810.78
3136.22	3832.11
3136.84	3836.11
3137.46	3818.44
3138.08	3838.33
3138.7	3835.67
3139.32	3791.33
3139.94	3779.11
3140.56	3804.11
3141.18	3801.78
3141.8	3822.22
3142.42	3802.44
3143.04	3794.78
3143.66	3779.78
3144.28	3772.67
3144.89	3782.67
3145.51	3779
3146.13	3805.11
3146.75	3787.44
3147.37	3786.56
3147.99	3794.44
3148.6	3772.89
3149.22	3753.44
3149.84	3729.11
3150.46	3804.11
3151.08	3755.89
3151.69	3734.44
3152.31	3742.33
3152.93	3747.78
3153.55	3752.67
3154.16	3728.33
3154.78	3715.89
3155.4	3726.89
3156.02	3733.11
3156.63	3713.78
3157.25	3728.33
3157.87	3714.22
3158.48	3725.11
3159.1	3683.11
3159.72	3702.78
3160.33	3695.33
3160.95	3701.67
3161.57	3707.89
3162.18	3687.56
3162.8	3648.89
3163.41	3685.44
3164.03	3674.22
3164.65	3683.33
3165.26	3657.33
3165.88	3660.11
3166.49	3645.22
3167.11	3635.78
3167.73	3650.67
3168.34	3674.33
3168.96	3660.89
3169.57	3632.89
3170.19	3648.22
3170.8	3642
3171.42	3630.33
3172.03	3624.44
3172.65	3630.67
3173.26	3641.11
3173.88	3605.44
3174.49	3594.33
3175.1	3608.22
3175.72	3592.33
3176.33	3572.22
3176.95	3587.67
3177.56	3583.89
3178.18	3585.56
3178.79	3573.89
3179.4	3557.67
3180.02	3594.22
3180.63	3589.89
3181.25	3573.44
3181.86	3539.78
3182.47	3557.78
3183.09	3555
3183.7	3580
3184.31	3544.33
3184.93	3555.78
3185.54	3531.44
3186.15	3564.22
3186.77	3520.89
3187.38	3535
3187.99	3517.89
3188.6	3494.33
3189.22	3474.33
3189.83	3538.89
3190.44	3513.56
3191.05	3498.89
3191.67	3519.22
3192.28	3484.67
3192.89	3500.67
3193.5	3490.89
3194.11	3501.33
3194.72	3490
3195.34	3480.11
3195.95	3484.44
3196.56	3469
3197.17	3476.22
3197.78	3458
3198.39	3489.33
3199	3454.33
3199.62	3440.22
3200.23	3464.11
3200.84	3461.67
3201.45	3425.89
3202.06	3433.89
3202.67	3414
3203.28	3468
3203.89	3433.44
3204.5	3433.44
3205.11	3437.56
3205.72	3403.44
3206.33	3414.22
3206.94	3407.89
3207.55	3412.11
3208.16	3428.22
3208.77	3368.22
3209.38	3387.11
3209.99	3376.56
3210.6	3367.11
3211.21	3373.22
3211.82	3364.22
3212.43	3398.44
3213.04	3367.22
3213.65	3371.78
3214.26	3368.89
3214.87	3392.56
3215.48	3366.44
3216.08	3337.56
3216.69	3339.22
3217.3	3360.44
3217.91	3332.56
3218.52	3337.11
3219.13	3351.44
3219.74	3323.89
3220.34	3344
3220.95	3314.11
3221.56	3312.22
3222.17	3328.67
3222.78	3305.11
3223.38	3305.56
3223.99	3315.44
3224.6	3269.33
3225.21	3293.22
3225.81	3321.11
3226.42	3275
3227.03	3306.33
3227.64	3287.67
3228.24	3262.56
3228.85	3282.33
3229.46	3271.22
3230.06	3261.56
3230.67	3294.67
3231.28	3270.89
3231.88	3256.22
3232.49	3274.11
3233.1	3260.33
3233.7	3229.89
3234.31	3261.11
3234.92	3257.33
3235.52	3241.22
3236.13	3257.44
3236.73	3229.67
3237.34	3239.44
3237.95	3222.56
3238.55	3262.11
3239.16	3226.78
3239.76	3236.11
3240.37	3205.22
3240.97	3233.78
3241.58	3214.11
3242.18	3201.22
3242.79	3211.67
3243.39	3214.89
3244	3194.89
3244.6	3180.89
3245.21	3191.78
3245.81	3173.89
3246.42	3176.33
3247.02	3183.89
3247.63	3179.33
3248.23	3198.67
3248.84	3172
3249.44	3186.89
3250.04	3165.22
3250.65	3163.44
3251.25	3160.22
3251.86	3189.44
3252.46	3159.11
3253.06	3131.44
3253.67	3140.67
3254.27	3159.33
3254.87	3159.22
3255.48	3144.44
3256.08	3129.89
3256.68	3132.22
3257.29	3134.89
3257.89	3106.67
3258.49	3139.22
3259.1	3137.33
3259.7	3143.33
3260.3	3117.33
3260.9	3138.22
3261.51	3106.22
3262.11	3104
3262.71	3125.44
3263.31	3113
3263.92	3101.78
3264.52	3137.33
3265.12	3121.11
3265.72	3100.44
3266.32	3080
3266.93	3115.89
3267.53	3085.56
3268.13	3088.67
3268.73	3077.11
3269.33	3059.67
3269.93	3061.33
3270.53	3083.33
3271.14	3055.67
3271.74	3074
3272.34	3063.33
3272.94	3048.11
3273.54	3079.44
3274.14	3043.11
3274.74	3026.67
3275.34	3031.22
3275.94	3045.44
3276.54	3040.44
3277.14	3025
3277.74	3033.78
3278.34	3043
3278.94	3027.11
3279.54	3018.33
3280.14	3004.44
3280.74	3034.89
3281.34	3016.44
3281.94	2987.56
3282.54	2999.89
3283.14	3005
3283.74	3047.56
3284.34	3000.33
3284.94	3002.11
3285.54	3001
3286.14	2986
3286.74	3012
3287.34	2971
3287.93	2990
3288.53	2997.22
3289.13	2993.11
3289.73	2965.78
3290.33	2992
3290.93	2959.44
3291.53	2970.22
3292.12	2977.11
3292.72	2985.22
3293.32	2959.11
3293.92	2955.33
3294.52	2969.67
3295.11	2967
3295.71	2949.78
3296.31	2956
3296.91	2920.78
3297.5	2939.67
3298.1	2916.44
3298.7	2927.78
3299.3	2942.78
3299.89	2930.67
3300.49	2940.78
3301.09	2950.56
3301.68	2957
3302.28	2902.56
3302.88	2906.22
3303.47	2918
3304.07	2929.78
3304.67	2899.78
3305.26	2916.56
3305.86	2947
3306.46	2919.33
3307.05	2895.44
3307.65	2905.89
3308.25	2897.11
3308.84	2892
3309.44	2892.56
3310.03	2884.78
3310.63	2885.78
3311.22	2897.56
3311.82	2887.78
3312.42	2903.33
3313.01	2862.89
3313.61	2870.33
3314.2	2848.89
3314.8	2878.89
3315.39	2839.33
3315.99	2851.78
3316.58	2885.33
3317.18	2840.44
3317.77	2845
3318.36	2850.33
3318.96	2848.44
3319.55	2854.89
3320.15	2851.56
3320.74	2853.44
3321.34	2838.33
3321.93	2842.89
3322.52	2827.56
3323.12	2831.67
3323.71	2828.78
3324.31	2811.11
3324.9	2808.33
3325.49	2838
3326.09	2831.11
3326.68	2807.33
3327.27	2826
3327.87	2825
3328.46	2808.33
3329.05	2792.22
3329.65	2788.11
3330.24	2778.44
3330.83	2812.78
3331.42	2794
3332.02	2780.33
3332.61	2795.33
3333.2	2789.11
3333.8	2760.22
3334.39	2765.11
3334.98	2752.22
3335.57	2775.22
3336.16	2771.11
3336.76	2762.33
3337.35	2757.22
3337.94	2748.44
3338.53	2768.22
3339.12	2741.56
3339.72	2766.33
3340.31	2758.44
3340.9	2739
3341.49	2747.22
3342.08	2735.33
3342.67	2773.33
3343.26	2725.67
3343.85	2746.56
3344.45	2760
3345.04	2733.78
3345.63	2739.67
3346.22	2751.33
3346.81	2734.11
3347.4	2720.22
3347.99	2712.11
3348.58	2724.89
3349.17	2698.44
3349.76	2708.44
3350.35	2688.33
3350.94	2702.78
3351.53	2692.44
3352.12	2727.89
3352.71	2715.89
3353.3	2706.11
3353.89	2684.33
3354.48	2697.44
3355.07	2691.67
3355.66	2653.56
3356.25	2671.22
3356.84	2678.33
3357.43	2704
3358.01	2656.67
3358.6	2660
3359.19	2670.67
3359.78	2682.56
3360.37	2668
3360.96	2676.44
3361.55	2666.33
3362.14	2662.56
3362.73	2648.67
3363.31	2656
3363.9	2626.78
3364.49	2634.78
3365.08	2660
3365.67	2627.33
3366.25	2641.33
3366.84	2627.44
3367.43	2612.78
3368.02	2620.67
3368.6	2619.89
3369.19	2615.89
3369.78	2638.78
3370.37	2605.44
3370.95	2610.89
3371.54	2625.33
3372.13	2606.89
3372.72	2598.11
3373.3	2602.33
3373.89	2616.22
3374.48	2605.67
3375.06	2618.22
3375.65	2605.11
3376.24	2626.78
3376.82	2581.44
3377.41	2596.11
3378	2581.67
3378.58	2571.78
3379.17	2584.56
3379.75	2570.33
3380.34	2568.67
3380.92	2579.89
3381.51	2561.22
3382.1	2578.89
3382.68	2557.89
3383.27	2563.22
3383.85	2561.56
3384.44	2528.22
3385.02	2538.11
3385.61	2593.78
3386.19	2531.78
3386.78	2557.78
3387.36	2545.22
3387.95	2568.44
3388.53	2532.22
3389.12	2537.56
3389.7	2535.89
3390.29	2520.56
3390.87	2523.56
3391.46	2537.67
3392.04	2527.56
3392.63	2514.22
3393.21	2529.33
3393.79	2523.56
3394.38	2521.78
3394.96	2501.67
3395.55	2518.89
3396.13	2488.44
3396.71	2476.78
3397.3	2494
3397.88	2506.78
3398.46	2477.44
3399.05	2506.44
3399.63	2447.89
3400.21	2496.22
3400.8	2480.78
3401.38	2489.33
3401.96	2479.56
3402.55	2477.22
3403.13	2482.67
3403.71	2467.33
3404.29	2473.78
3404.88	2468.56
3405.46	2449.44
3406.04	2465.22
3406.62	2454.89
3407.21	2444.78
3407.79	2439.11
3408.37	2446.44
3408.95	2454.67
3409.53	2452.89
3410.12	2449.89
3410.7	2451.78
3411.28	2444.22
3411.86	2424.56
3412.44	2429.67
3413.02	2426.56
3413.6	2435.33
3414.19	2429.11
3414.77	2448.56
3415.35	2412.67
3415.93	2403.56
3416.51	2409.67
3417.09	2422.89
3417.67	2389.67
3418.25	2409.78
3418.83	2417.89
3419.41	2405.22
3419.99	2395.78
3420.57	2374.33
3421.15	2389.33
3421.73	2366.22
3422.31	2378.56
3422.89	2375.22
3423.47	2375.78
3424.05	2367.22
3424.63	2387.67
3425.21	2400.89
3425.79	2366.56
3426.37	2349.22
3426.95	2380.22
3427.53	2366.33
3428.11	2381.78
3428.69	2350.33
3429.27	2337.44
3429.85	2339.44
3430.43	2344.89
3431.01	2343.78
3431.58	2360.67
3432.16	2351.44
3432.74	2350.22
3433.32	2329.22
3433.9	2338.11
3434.48	2349.11
3435.06	2334.22
3435.63	2315
3436.21	2334.33
3436.79	2307.56
3437.37	2295.44
3437.95	2294.67
3438.52	2308.22
3439.1	2301.56
3439.68	2281.78
3440.26	2303.44
3440.83	2291.89
3441.41	2287.33
3441.99	2294.89
3442.57	2285.44
3443.14	2285.22
3443.72	2295.44
3444.3	2295.56
3444.87	2298.22
3445.45	2271.33
3446.03	2292
3446.6	2258.44
3447.18	2285.78
3447.76	2274.22
3448.33	2267.67
3448.91	2266.56
3449.49	2262.67
3450.06	2277.33
3450.64	2253.22
3451.22	2246.22
3451.79	2264.44
3452.37	2266.67
3452.94	2262.56
3453.52	2243.44
3454.09	2253.67
3454.67	2224.44
3455.25	2254.44
3455.82	2228.33
3456.4	2226
3456.97	2202.67
3457.55	2250.78
3458.12	2220.44
3458.7	2212.22
3459.27	2234.56
3459.85	2224.44
3460.42	2211.33
3461	2211.67
3461.57	2226
3462.15	2209.22
3462.72	2216
3463.29	2199.67
3463.87	2215
3464.44	2185.67
3465.02	2196.89
3465.59	2184.78
3466.17	2194.78
3466.74	2175.11
3467.31	2186.56
3467.89	2203.22
3468.46	2179.78
3469.03	2188.11
3469.61	2191.67
3470.18	2184
3470.75	2188.89
3471.33	2184.22
3471.9	2173.56
3472.47	2166.56
3473.05	2151.22
3473.62	2142.89
3474.19	2162.78
3474.76	2148
3475.34	2158.22
3475.91	2168.22
3476.48	2162.89
3477.05	2163.11
3477.63	2140
3478.2	2154.11
3478.77	2150.89
3479.34	2135.78
3479.92	2148.89
3480.49	2147.44
3481.06	2139.89
3481.63	2132
3482.2	2115.56
3482.77	2138.33
3483.35	2113.89
3483.92	2133
3484.49	2121.78
3485.06	2120.89
3485.63	2112.33
3486.2	2119
3486.77	2106.11
3487.34	2102.56
3487.92	2080.11
3488.49	2069.44
3489.06	2096.33
3489.63	2102.78
3490.2	2099.78
3490.77	2085.22
3491.34	2100
3491.91	2091
3492.48	2080.67
3493.05	2088
3493.62	2084.67
3494.19	2099.22
3494.76	2067.78
3495.33	2077.56
3495.9	2066.33
3496.47	2082.22
3497.04	2076.22
3497.61	2051.78
3498.18	2072.33
3498.75	2068.22
3499.32	2045.67
3499.89	2067.33
3500.46	2032.67
3501.02	2040.11
3501.59	2035.33
3502.16	2048.67
3502.73	2034.33
3503.3	2019.67
3503.87	2030.56
3504.44	2021.67
3505.01	2046.89
3505.57	2037.56
3506.14	2033.22
3506.71	2022
3507.28	2030.11
3507.85	2045.22
3508.42	2029.22
3508.98	2026.11
3509.55	2007.56
3510.12	2005.89
3510.69	2016.78
3511.25	1985.33
3511.82	1990.44
3512.39	1994.78
3512.96	1983
3513.52	1986.11
3514.09	2000.22
3514.66	2003.89
3515.23	1990.33
3515.79	1995.78
3516.36	1997.22
3516.93	1993.22
3517.49	1999.22
3518.06	1983.22
3518.63	1984.44
3519.19	1999.56
3519.76	1968.78
3520.33	1949.33
3520.89	1976.89
3521.46	1962.56
3522.02	1967.11
3522.59	1963.78
3523.16	1963.89
3523.72	1961.33
3524.29	1950.33
3524.85	1960.22
3525.42	1951.11
3525.98	1944.33
3526.55	1923
3527.12	1950.33
3527.68	1948.44
3528.25	1954.33
3528.81	1931.56
3529.38	1943.33
3529.94	1956.33
3530.51	1935.89
3531.07	1946.67
3531.64	1923.89
3532.2	1913.56
3532.76	1912
3533.33	1920.44
3533.89	1917
3534.46	1923.11
3535.02	1942.78
3535.59	1903.56
3536.15	1910
3536.72	1885.67
3537.28	1896.78
3537.84	1919.11
3538.41	1905.56
3538.97	1913.44
3539.53	1907.44
3540.1	1891.89
3540.66	1885.67
3541.22	1879.11
3541.79	1883.67
3542.35	1893.67
3542.91	1889.22
3543.48	1896
3544.04	1886.78
3544.6	1868.44
3545.17	1893.67
3545.73	1855.67
3546.29	1884.44
3546.85	1873.78
3547.42	1869.67
3547.98	1842.67
3548.54	1875.11
3549.1	1881.67
3549.67	1847.44
