3000.32	13842
3000.96	13843
3001.6	13770.2
3002.23	13825
3002.87	13785.1
3003.51	13787.4
3004.15	13754.4
3004.79	13746.6
3005.43	13754.4
3006.06	13776.8
3006.7	13750.6
3007.34	13643.1
3007.98	13732.9
3008.61	13665.6
3009.25	13653.1
3009.89	13665.4
3010.53	13667
3011.16	13648
3011.8	13712.6
3012.44	13594.7
3013.07	13615.8
3013.71	13578.4
3014.35	13607.3
3014.98	13563.8
3015.62	13553.1
3016.26	13552.7
3016.89	13594.4
3017.53	13529.7
3018.17	13531.1
3018.8	13483.2
3019.44	13408.8
3020.07	13501.6
3020.71	13497.8
3021.35	13457.6
3021.98	13470.3
3022.62	13486
3023.25	13464.2
3023.89	13436
3024.52	13439.4
3025.16	13390.7
3025.79	13469.3
3026.43	13389.3
3027.06	13452.7
3027.7	13398.2
3028.33	13391.9
3028.97	13311.6
3029.6	13334.9
3030.24	13342.2
3030.87	13346.7
3031.51	13330.6
3032.14	13328
3032.77	13322.3
3033.41	13319.2
3034.04	13293.8
3034.68	13246.6
3035.31	13265.3
3035.94	13201.3
3036.58	13209.9
3037.21	13206.2
3037.84	13243.9
3038.48	13182.4
3039.11	13175.7
3039.75	13148
3040.38	13146.8
3041.01	13180.6
3041.64	13228.3
3042.28	13099.1
3042.91	13107.1
3043.54	13096.7
3044.17	13109
3044.81	13165.2
3045.44	13126.1
3046.07	13083.1
3046.7	13113.7
3047.34	13114
3047.97	13084.8
3048.6	13038.6
3049.23	13004.6
3049.86	13042.3
3050.5	12988.9
3051.13	13003.8
3051.76	12938.9
3052.39	13004.1
3053.02	13053.8
3053.65	12942.3
3054.28	13030.3
3054.92	12999.8
3055.55	12970
3056.18	12927.7
3056.81	12929.8
3057.44	12963.3
3058.07	12955.3
3058.7	12940.4
3059.33	12894.9
3059.96	12906.7
3060.59	12925.3
3061.22	12917.4
3061.85	12868.8
3062.48	12857.4
3063.11	12913.6
3063.74	12862.1
3064.37	12896.2
3065	12852.8
3065.63	12871.1
3066.26	12842.2
3066.89	12793.9
3067.52	12766.4
3068.15	12781.9
3068.78	12725
3069.41	12786.9
3070.04	12747.4
3070.67	12772.4
3071.29	12696.1
3071.92	12822.6
3072.55	12741.1
3073.18	12667.6
3073.81	12683.4
3074.44	12694
3075.07	12697.1
3075.69	12713.1
3076.32	12669.1
3076.95	12718.7
3077.58	12668.8
3078.21	12627.4
3078.83	12712.8
3079.46	12670.9
3080.09	12660.3
3080.72	12703
3081.34	12631.1
3081.97	12594.6
3082.6	12662.3
3083.23	12589.1
3083.85	12557.1
3084.48	12670.9
3085.11	12614.6
3085.73	12565.3
3086.36	12591.3
3086.99	12470.9
3087.61	12500.4
3088.24	12537.2
3088.87	12512.2
3089.49	12558.6
3090.12	12538.6
3090.75	12560
3091.37	12515.7
3092	12496.6
3092.62	12473
3093.25	12479.6
3093.88	12461.4
3094.5	12482.8
3095.13	12418.3
3095.75	12486.7
3096.38	12466.8
3097	12469
3097.63	12394.1
3098.25	12415.8
3098.88	12448.3
3099.5	12371.7
3100.13	12408.8
3100.75	12376.1
3101.38	12420.9
3102	12296.8
3102.63	12362.1
3103.25	12339.4
3103.88	12328.4
3104.5	12313.1
3105.12	12310
3105.75	12252.9
3106.37	12307.4
3107	12334.1
3107.62	12260.8
3108.24	12192.8
3108.87	12248.6
3109.49	12190.6
3110.11	12213.4
3110.74	12220.7
3111.36	12213.8
3111.99	12226.8
3112.61	12262.6
3113.23	12181.1
3113.85	12253
3114.48	12180.1
3115.1	12163.6
3115.72	12149.4
3116.35	12187
3116.97	12170
3117.59	12176
3118.21	12173.3
3118.84	12163
3119.46	12097.1
3120.08	12178.7
3120.7	12114.7
3121.32	12061.2
3121.95	12079.4
3122.57	12073.9
3123.19	12084.9
3123.81	12048.6
3124.43	12110.9
3125.05	12051.6
3125.67	12034.2
3126.3	12059.3
3126.92	12051.6
3127.54	11985.3
3128.16	12058.1
3128.78	12001.7
3129.4	11959.9
3130.02	11983.2
3130.64	12002.1
3131.26	11960.6
3131.88	11922.9
3132.5	11947.4
3133.12	11935.2
3133.74	11944.2
3134.36	11943.4
3134.98	11965.8
3135.6	11931.6
3136.22	11877.9
3136.84	11864.6
3137.46	11878.3
3138.08	11872.4
3138.7	11867.6
3139.32	11870.1
3139.94	11863.8
3140.56	11744.6
3141.18	11781.2
3141.8	11823.1
3142.42	11824.9
3143.04	11766.6
3143.66	11766
3144.28	11742.8
3144.89	11773.3
3145.51	11770.2
3146.13	11794.6
3146.75	11678.2
3147.37	11706.4
3147.99	11713.7
3148.6	11771.8
3149.22	11667.7
3149.84	11681.8
3150.46	11687.2
3151.08	11649.3
3151.69	11671.3
3152.31	11597.4
3152.93	11568.3
3153.55	11588.6
3154.16	11626.2
3154.78	11554.3
3155.4	11545.6
3156.02	11616.2
3156.63	11611.3
3157.25	11575.1
3157.87	11554.2
3158.48	11523.1
3159.1	11480.1
3159.72	11614.8
3160.33	11489.9
3160.95	11472.8
3161.57	11546.9
3162.18	11496.7
3162.8	11510.3
3163.41	11516.9
3164.03	11448
3164.65	11482.1
3165.26	11437.3
3165.88	11406.8
3166.49	11401.8
3167.11	11412.6
3167.73	11412.3
3168.34	11375.8
3168.96	11425.9
3169.57	11400
3170.19	11359.4
3170.8	11351.4
3171.42	11302.2
3172.03	11307.1
3172.65	11345.1
3173.26	11322.3
3173.88	11304.7
3174.49	11267.9
3175.1	11280.9
3175.72	11314
3176.33	11286.2
3176.95	11284.3
3177.56	11241.8
3178.18	11204.9
3178.79	11240.9
3179.4	11207.3
3180.02	11247.9
3180.63	11155.7
3181.25	11204.8
3181.86	11190.9
3182.47	11143
3183.09	11134.7
3183.7	11134.4
3184.31	11105.9
3184.93	11120.9
3185.54	11109.3
3186.15	11082.6
3186.77	11085.1
3187.38	11066.8
3187.99	11090
3188.6	11097
3189.22	11006.6
3189.83	11059.1
3190.44	10982.8
3191.05	11013.1
3191.67	11007.4
3192.28	11038.7
3192.89	11006.1
3193.5	10967
3194.11	10960
3194.72	10986
3195.34	10959
3195.95	10930.3
3196.56	10936.7
3197.17	10924
3197.78	10957
3198.39	10936.6
3199	10965.3
3199.62	10948.1
3200.23	10868.1
3200.84	10839.8
3201.45	10898.9
3202.06	10823.7
3202.67	10823.2
3203.28	10903.8
3203.89	10819.8
3204.5	10818.8
3205.11	10801.6
3205.72	10797.7
3206.33	10735.8
3206.94	10769.4
3207.55	10761
3208.16	10737
3208.77	10706.3
3209.38	10752.2
3209.99	10716.8
3210.6	10678.3
3211.21	10681.8
3211.82	10662.2
3212.43	10649.3
3213.04	10687.6
3213.65	10663.6
3214.26	10635.8
3214.87	10674.2
3215.48	10671.8
3216.08	10537.3
3216.69	10623.2
3217.3	10557.6
3217.91	10659.7
3218.52	10614.7
3219.13	10613.1
3219.74	10573.2
3220.34	10554
3220.95	10553.1
3221.56	10577.1
3222.17	10559.4
3222.78	10521.3
3223.38	10499.2
3223.99	10488.4
3224.6	10525.2
3225.21	10481.8
3225.81	10522.1
3226.42	10481.2
3227.03	10431.4
3227.64	10433.4
3228.24	10398.4
3228.85	10431.2
3229.46	10345.8
3230.06	10471.4
3230.67	10389.8
3231.28	10398
3231.88	10351.3
3232.49	10357
3233.1	10421.9
3233.7	10343
3234.31	10388.2
3234.92	10361.6
3235.52	10351.8
3236.13	10314.1
3236.73	10293
3237.34	10327.1
3237.95	10276
3238.55	10309
3239.16	10261.1
3239.76	10269.8
3240.37	10261.2
3240.97	10265.8
3241.58	10252.2
3242.18	10202.1
3242.79	10235.8
3243.39	10195.1
3244	10165.4
3244.6	10185.9
3245.21	10136.3
3245.81	10156
3246.42	10168.9
3247.02	10154
3247.63	10206.3
3248.23	10203.9
3248.84	10213.7
3249.44	10135
3250.04	10148.6
3250.65	10117.3
3251.25	10111.9
3251.86	10083
3252.46	10042.8
3253.06	10086.2
3253.67	10146
3254.27	10104.6
3254.87	10093.3
3255.48	10061.1
3256.08	10031.6
3256.68	10033
3257.29	10031.2
3257.89	10082
3258.49	10036.8
3259.1	10096.9
3259.7	10012.3
3260.3	10055.1
3260.9	10066.9
3261.51	10053.2
3262.11	10069.8
3262.71	10058
3263.31	10058.6
3263.92	10057.8
3264.52	10014.4
3265.12	9992.11
3265.72	9968.22
3266.32	9958.11
3266.93	10006.7
3267.53	9897.22
3268.13	9923
3268.73	9943
3269.33	9862.33
3269.93	9901.56
3270.53	9855.67
3271.14	9868
3271.74	9859.11
3272.34	9876.44
3272.94	9811.89
3273.54	9816.89
3274.14	9828.44
3274.74	9839.11
3275.34	9734.44
3275.94	9811.67
3276.54	9787.33
3277.14	9780.11
3277.74	9800.56
3278.34	9692
3278.94	9772.67
3279.54	9728.89
3280.14	9691.22
3280.74	9739.78
3281.34	9684.78
3281.94	9698
3282.54	9741.33
3283.14	9707.45
3283.74	9702.89
3284.34	9699.56
3284.94	9683.33
3285.54	9629.56
3286.14	9669.67
3286.74	9685.67
3287.34	9721.78
3287.93	9647.44
3288.53	9654.89
3289.13	9676.67
3289.73	9604.56
3290.33	9641.11
3290.93	9590.78
3291.53	9636.55
3292.12	9584.56
3292.72	9627.89
3293.32	9608.33
3293.92	9584.78
3294.52	9631.55
3295.11	9584.11
3295.71	9539.11
3296.31	9566.22
3296.91	9561.78
3297.5	9587.22
3298.1	9553.33
3298.7	9479.67
3299.3	9500.33
3299.89	9579.78
3300.49	9526
3301.09	9519.67
3301.68	9469.33
3302.28	9511.22
3302.88	9512
3303.47	9513.56
3304.07	9458.11
3304.67	9475.56
3305.26	9439.67
3305.86	9450.33
3306.46	9445
3307.05	9420
3307.65	9410.11
3308.25	9411.44
3308.84	9441.78
3309.44	9399
3310.03	9422.67
3310.63	9416.78
3311.22	9380.89
3311.82	9335.56
3312.42	9327
3313.01	9344.67
3313.61	9365.22
3314.2	9309.44
3314.8	9314.44
3315.39	9331
3315.99	9339.89
3316.58	9333.89
3317.18	9331
3317.77	9286.44
3318.36	9277.89
3318.96	9256.67
3319.55	9273.55
3320.15	9321.67
3320.74	9279.89
3321.34	9260
3321.93	9241.56
3322.52	9225.78
3323.12	9237.22
3323.71	9256.11
3324.31	9284.22
3324.9	9264.44
3325.49	9201.11
3326.09	9202.22
3326.68	9215.11
3327.27	9190.56
3327.87	9167.78
3328.46	9161.44
3329.05	9198.89
3329.65	9180
3330.24	9071.89
3330.83	9168
3331.42	9113
3332.02	9133.33
3332.61	9116.67
3333.2	9087
3333.8	9142.56
3334.39	9095
3334.98	9148
3335.57	9086.44
3336.16	9144.33
3336.76	9089.44
3337.35	9049.67
3337.94	9092.78
3338.53	9034.56
3339.12	9030.22
3339.72	9036.89
3340.31	9053.78
3340.9	9010.22
3341.49	9053
3342.08	9002.11
3342.67	8985.33
3343.26	8998.78
3343.85	8980.44
3344.45	8994.33
3345.04	8992.67
3345.63	8955.78
3346.22	8989.67
3346.81	8964
3347.4	8962.67
3347.99	8963.67
3348.58	8937.44
3349.17	8909.22
3349.76	8928.22
3350.35	8921.33
3350.94	8870.22
3351.53	8862.11
3352.12	8838.55
3352.71	8904
3353.3	8839.89
3353.89	8837.89
3354.48	8880.56
3355.07	8825.11
3355.66	8824
3356.25	8859.56
3356.84	8812.33
3357.43	8793.78
3358.01	8825.67
3358.6	8760.22
3359.19	8804.33
3359.78	8784.67
3360.37	8804.22
3360.96	8686.22
3361.55	8733.89
3362.14	8729.55
3362.73	8738
3363.31	8746.33
3363.9	8696
3364.49	8709.67
3365.08	8754.89
3365.67	8718.44
3366.25	8685.78
3366.84	8703.78
3367.43	8647.67
3368.02	8645.89
3368.6	8639.78
3369.19	8615.11
3369.78	8653.44
3370.37	8622
3370.95	8619.67
3371.54	8625.67
3372.13	8634.56
3372.72	8593.78
3373.3	8623.56
3373.89	8603.44
3374.48	8581.56
3375.06	8585.89
3375.65	8612.11
3376.24	8573
3376.82	8585.78
3377.41	8593.78
3378	8534.22
3378.58	8510.78
3379.17	8526.44
3379.75	8532
3380.34	8524
3380.92	8510.44
3381.51	8487.33
3382.1	8503.33
3382.68	8510.33
3383.27	8475.45
3383.85	8421.67
3384.44	8436.22
3385.02	8430.33
3385.61	8387.89
3386.19	8454.89
3386.78	8435.22
3387.36	8431.44
3387.95	8400.89
3388.53	8401
3389.12	8388.67
3389.7	8395.33
3390.29	8381.33
3390.87	8318
3391.46	8407.22
3392.04	8362.11
3392.63	8342.89
3393.21	8337.67
3393.79	8301.44
3394.38	8335.33
3394.96	8274.33
3395.55	8287.67
3396.13	8240.22
3396.71	8263
3397.3	8266.11
3397.88	8274.89
3398.46	8286.67
3399.05	8281.67
3399.63	8261.78
3400.21	8301.56
3400.8	8223.56
3401.38	8241.22
3401.96	8187.45
3402.55	8196.78
3403.13	8256.11
3403.71	8230.78
3404.29	8246.56
3404.88	8220.56
3405.46	8183.78
3406.04	8168.33
3406.62	8197.56
3407.21	8134.89
3407.79	8167.67
3408.37	8186.11
3408.95	8148.33
3409.53	8146
3410.12	8191.89
3410.7	8174.33
3411.28	8094.44
3411.86	8125.44
3412.44	8081.22
3413.02	8137.67
3413.6	8105.22
3414.19	8109.44
3414.77	8107.56
3415.35	8119.33
3415.93	8096.33
3416.51	8070.78
3417.09	8063.44
3417.67	8055
3418.25	8056.44
3418.83	8063.56
3419.41	8070.89
3419.99	8006.22
3420.57	7989.89
3421.15	7957.33
3421.73	8007.44
3422.31	7988.78
3422.89	7952.22
3423.47	7999.89
3424.05	7935.67
3424.63	7932.78
3425.21	7931.22
3425.79	7890
3426.37	7951.78
3426.95	7949.67
3427.53	7894.89
3428.11	7913.56
3428.69	7871.56
3429.27	7838.89
3429.85	7886.33
3430.43	7891.11
3431.01	7923.56
3431.58	7871.67
3432.16	7888.11
3432.74	7899.33
3433.32	7860.67
3433.9	7813
3434.48	7827.33
3435.06	7815
3435.63	7796.67
3436.21	7798.22
3436.79	7780.33
3437.37	7772.56
3437.95	7771
3438.52	7753.89
3439.1	7771.22
3439.68	7719.67
3440.26	7726.11
3440.83	7717.78
3441.41	7733
3441.99	7714.33
3442.57	7737.67
3443.14	7700.44
3443.72	7654.33
3444.3	7639.22
3444.87	7684.56
3445.45	7687.11
3446.03	7674.78
3446.6	7667.89
3447.18	7661.89
3447.76	7677.78
3448.33	7679.22
3448.91	7634.11
3449.49	7611.33
3450.06	7623.78
3450.64	7626.78
3451.22	7614
3451.79	7622.44
3452.37	7574.78
3452.94	7563.11
3453.52	7581.11
3454.09	7542.44
3454.67	7578.89
3455.25	7527.44
3455.82	7518.22
3456.4	7563.22
3456.97	7515
3457.55	7494.78
3458.12	7523.33
3458.7	7488.33
3459.27	7505.67
3459.85	7469.44
3460.42	7497.44
3461	7502.89
3461.57	7486.78
3462.15	7465
3462.72	7458.11
3463.29	7435
3463.87	7420
3464.44	7445.78
3465.02	7453.11
3465.59	7425.44
3466.17	7450.11
3466.74	7425.22
3467.31	7424.33
3467.89	7418.44
3468.46	7393.22
3469.03	7444.78
3469.61	7361.78
3470.18	7337
3470.75	7363.89
3471.33	7375.22
3471.9	7364.56
3472.47	7341.11
3473.05	7322
3473.62	7322.67
3474.19	7283.33
3474.76	7301.22
3475.34	7341.56
3475.91	7282.11
3476.48	7305.78
3477.05	7274.44
3477.63	7295.11
3478.2	7296.22
3478.77	7256.89
3479.34	7305.78
3479.92	7315.33
3480.49	7235.78
3481.06	7242.67
3481.63	7268.44
3482.2	7211.56
3482.77	7209.44
3483.35	7252.56
3483.92	7213
3484.49	7269
3485.06	7217.44
3485.63	7195.11
3486.2	7208.67
3486.77	7166.78
3487.34	7175.78
3487.92	7232.44
3488.49	7133.44
3489.06	7179
3489.63	7147.67
3490.2	7106.33
3490.77	7134.56
3491.34	7145.11
3491.91	7171.78
3492.48	7092
3493.05	7071.89
3493.62	7136.11
3494.19	7072.22
3494.76	7081.89
3495.33	7065.78
3495.9	7098.11
3496.47	7046.11
3497.04	7050
3497.61	7063.44
3498.18	7022.22
3498.75	7025.44
3499.32	7010.56
3499.89	7035.56
3500.46	7009.44
3501.02	7055.44
3501.59	7046.11
3502.16	6965.67
3502.73	6985.11
3503.3	6990.22
3503.87	7008.44
3504.44	6991.11
3505.01	6956.11
3505.57	6996
3506.14	6946.33
3506.71	6965
3507.28	6961.78
3507.85	6882
3508.42	6961.44
3508.98	6948.22
3509.55	6901.67
3510.12	6933.22
3510.69	6935.22
3511.25	6903.56
3511.82	6884.33
3512.39	6829.78
3512.96	6853
3513.52	6909.56
3514.09	6887.56
3514.66	6834.22
3515.23	6845.67
3515.79	6826.22
3516.36	6889.67
3516.93	6855.11
3517.49	6858
3518.06	6845.11
3518.63	6826.22
3519.19	6798.33
3519.76	6780.56
3520.33	6756.22
3520.89	6804.22
3521.46	6771.56
3522.02	6775.67
3522.59	6767.33
3523.16	6747.67
3523.72	6741
3524.29	6784.22
3524.85	6756.11
3525.42	6752.44
3525.98	6728.56
3526.55	6720.78
3527.12	6690
3527.68	6700.89
3528.25	6722.44
3528.81	6709.89
3529.38	6695
3529.94	6639.33
3530.51	6720.11
3531.07	6671.56
3531.64	6662.22
3532.2	6656.89
3532.76	6624.22
3533.33	6631.11
3533.89	6653.44
3534.46	6664.56
3535.02	6614.44
3535.59	6636
3536.15	6581.33
3536.72	6623.22
3537.28	6652.33
3537.84	6608.67
3538.41	6643
3538.97	6596.67
3539.53	6559.89
3540.1	6619.11
3540.66	6567.56
3541.22	6547.78
3541.79	6512.33
3542.35	6533.33
3542.91	6563.33
3543.48	6545.67
3544.04	6526
3544.6	6502.56
3545.17	6507
3545.73	6528
3546.29	6505.11
3546.85	6518.44
3547.42	6493.67
3547.98	6492.44
3548.54	6517.22
3549.1	6465.89
3549.67	6486.11
