1025.7	6367.56
1026.59	6356.78
1027.48	6405.44
1028.37	6406.11
1029.26	6355.33
1030.15	6386.67
1031.04	6394.67
1031.93	6395.33
1032.83	6401.44
1033.72	6387.22
1034.61	6463.44
1035.5	6427.67
1036.39	6402.67
1037.28	6394.11
1038.17	6368.56
1039.06	6382.67
1039.94	6420.56
1040.83	6393.56
1041.72	6380.89
1042.61	6407.33
1043.5	6406.67
1044.39	6386.33
1045.28	6419.44
1046.17	6420
1047.06	6402.33
1047.95	6368
1048.83	6377.33
1049.72	6409.67
1050.61	6357.11
1051.5	6416
1052.38	6413.22
1053.27	6393.56
1054.16	6403.22
1055.05	6390.89
1055.93	6411.67
1056.82	6385.44
1057.71	6385.67
1058.6	6353
1059.48	6400.22
1060.37	6390.56
1061.25	6365.22
1062.14	6403.56
1063.03	6386.89
1063.91	6418.67
1064.8	6385.89
1065.68	6356.78
1066.57	6433.78
1067.45	6406.22
1068.34	6409.22
1069.22	6413.33
1070.11	6414.22
1070.99	6401.44
1071.88	6384.67
1072.76	6394.33
1073.65	6415.89
1074.53	6423.22
1075.42	6399.11
1076.3	6397.78
1077.19	6438.56
1078.07	6378.11
1078.95	6368.78
1079.84	6392.67
1080.72	6370.33
1081.6	6385.11
1082.49	6407.78
1083.37	6384
1084.25	6373.33
1085.13	6432.33
1086.02	6313.44
1086.9	6361.44
1087.78	6369
1088.66	6353.78
1089.55	6376.56
1090.43	6381.33
1091.31	6394.11
1092.19	6382.11
1093.07	6388.22
1093.95	6396.33
1094.83	6370.22
1095.72	6395.56
1096.6	6403.22
1097.48	6354.11
1098.36	6403.67
1099.24	6360
1100.12	6352.78
1101	6408.56
1101.88	6342
1102.76	6406.89
1103.64	6387.89
1104.52	6316
1105.4	6352.44
1106.28	6348.33
1107.16	6375.22
1108.04	6332.11
1108.91	6363.11
1109.79	6346.56
1110.67	6339.67
1111.55	6347.33
1112.43	6401.67
1113.31	6372
1114.19	6348.44
1115.06	6317.56
1115.94	6360
1116.82	6401.56
1117.7	6359.22
1118.58	6379.67
1119.45	6357.56
1120.33	6345.56
1121.21	6359.44
1122.08	6350.44
1122.96	6372
1123.84	6359
1124.71	6340.11
1125.59	6351
1126.47	6356.44
1127.34	6376.22
1128.22	6336.89
1129.1	6309.33
1129.97	6321.78
1130.85	6326.44
1131.72	6366.33
1132.6	6301.11
1133.47	6353.67
1134.35	6349.33
1135.22	6359.44
1136.1	6356.33
1136.97	6333
1137.85	6315.22
1138.72	6320.22
1139.6	6331.56
1140.47	6304.44
1141.35	6371.78
1142.22	6321.33
1143.09	6322.22
1143.97	6342.33
1144.84	6326.44
1145.71	6321.67
1146.59	6339.11
1147.46	6338.11
1148.33	6306.22
1149.21	6323.33
1150.08	6304.11
1150.95	6337.44
1151.82	6307.89
1152.7	6317.33
1153.57	6317.56
1154.44	6310.78
1155.31	6328
1156.18	6301.11
1157.06	6316.67
1157.93	6339.89
1158.8	6324.56
1159.67	6297.89
1160.54	6308.67
1161.41	6284.67
1162.28	6312.89
1163.15	6290.67
1164.02	6324.44
1164.9	6337.33
1165.76	6330.11
1166.64	6295.44
1167.51	6296.89
1168.38	6346.44
1169.25	6294.44
1170.12	6285.56
1170.98	6324.89
1171.85	6285.33
1172.72	6272.78
1173.59	6317.44
1174.46	6265.56
1175.33	6312.56
1176.2	6265.67
1177.07	6292.67
1177.94	6305.33
1178.8	6253.67
1179.67	6296.22
1180.54	6244.44
1181.41	6269.67
1182.28	6289
1183.14	6266.67
1184.01	6294.33
1184.88	6255.78
1185.75	6284.22
1186.61	6274.56
1187.48	6268.89
1188.35	6261.44
1189.22	6270.22
1190.08	6253.89
1190.95	6309.44
1191.81	6272.11
1192.68	6240.78
1193.55	6269.78
1194.41	6272.33
1195.28	6291.78
1196.14	6261.56
1197.01	6251.44
1197.88	6306.67
1198.74	6245.67
1199.61	6257.22
1200.47	6223.67
1201.34	6217.67
1202.2	6257.78
1203.07	6286.56
1203.93	6272.44
1204.79	6277.67
1205.66	6260
1206.52	6259.22
1207.39	6248.44
1208.25	6274.22
1209.11	6290.44
1209.98	6262.22
1210.84	6212.22
1211.7	6214.33
1212.57	6247.11
1213.43	6245
1214.29	6211.67
1215.16	6250.67
1216.02	6219.67
1216.88	6222.78
1217.74	6251.22
1218.61	6189.67
1219.47	6263.67
1220.33	6276.89
1221.19	6237
1222.05	6220.78
1222.92	6228.78
1223.78	6236.44
1224.64	6190.78
1225.5	6210
1226.36	6186
1227.22	6217
1228.08	6184.56
1228.94	6236.67
1229.8	6241.33
1230.66	6193.78
1231.52	6201
1232.39	6233.33
1233.25	6259
1234.1	6166
1234.96	6248
1235.82	6184.67
1236.68	6233.56
1237.54	6207.78
1238.4	6203.11
1239.26	6184.33
1240.12	6183.44
1240.98	6156.33
1241.84	6211.33
1242.7	6167
1243.55	6182.78
1244.41	6180
1245.27	6194.56
1246.13	6230.78
1246.99	6158.44
1247.85	6178.67
1248.7	6138.89
1249.56	6152.78
1250.42	6145.67
1251.28	6143.89
1252.13	6153.78
1252.99	6172.44
1253.85	6191.78
1254.7	6169.56
1255.56	6145.78
1256.42	6172.44
1257.27	6167.44
1258.13	6193.44
1258.99	6160.33
1259.84	6160.67
1260.7	6167.78
1261.55	6181.89
1262.41	6131.67
1263.26	6163.78
1264.12	6132.56
1264.97	6111.89
1265.83	6183.11
1266.68	6204.44
1267.54	6139.67
1268.39	6160.44
1269.25	6162.89
1270.1	6159.89
1270.96	6160.67
1271.81	6128.22
1272.66	6155.22
1273.52	6127.89
1274.37	6103.22
1275.23	6142.44
1276.08	6163.33
1276.93	6100.44
1277.79	6117.44
1278.64	6151.33
1279.49	6134.78
1280.35	6130
1281.2	6115.78
1282.05	6108.67
1282.9	6125.33
1283.76	6143.56
1284.61	6154.11
1285.46	6133.22
1286.31	6162.33
1287.16	6117.56
1288.01	6118.89
1288.87	6112
1289.72	6131
1290.57	6111.56
1291.42	6148.78
1292.27	6143.89
1293.12	6078.78
1293.97	6115
1294.82	6085.89
1295.67	6136.33
1296.52	6091.44
1297.37	6139.33
1298.22	6088.11
1299.07	6112.89
1299.92	6082.78
1300.77	6134.33
1301.62	6126.33
1302.47	6125.67
1303.32	6148.78
1304.17	6130.11
1305.02	6158.67
1305.87	6169.67
1306.72	6125
1307.57	6133.78
1308.42	6091.56
1309.26	6116.44
1310.11	6112.56
1310.96	6133.33
1311.81	6139.56
1312.66	6125.89
1313.51	6152.89
1314.35	6128.33
1315.2	6126
1316.05	6124.11
1316.89	6159.33
1317.74	6107.44
1318.59	6140.89
1319.44	6174.56
1320.28	6100.78
1321.13	6149.78
1321.97	6128.44
1322.82	6185.67
1323.67	6182.67
1324.51	6166.22
1325.36	6174.44
1326.21	6147.44
1327.05	6172.89
1327.9	6145.89
1328.74	6170
1329.59	6186.78
1330.43	6191.56
1331.28	6185.22
1332.12	6192.78
1332.97	6162.67
1333.81	6164.22
1334.66	6155.11
1335.5	6179.44
1336.35	6194.78
1337.19	6197.44
1338.03	6151.11
1338.88	6170.22
1339.72	6171.89
1340.56	6189.89
1341.41	6186.44
1342.25	6198.33
1343.1	6136.33
1343.94	6159.89
1344.78	6164
1345.62	6124.56
1346.47	6189.56
1347.31	6124.78
1348.15	6183.22
1348.99	6134
1349.84	6155.78
1350.68	6158.89
1351.52	6139.56
1352.36	6130.11
1353.2	6102.56
1354.05	6123.89
1354.89	6122.67
1355.73	6086.56
1356.57	6160.67
1357.41	6114.22
1358.25	6100.89
1359.09	6089.78
1359.93	6066.33
1360.77	6103.22
1361.61	6087.33
1362.45	6110.78
1363.29	6119.22
1364.13	6130.56
1364.97	6071.78
1365.82	6074.56
1366.65	6049.11
1367.49	6081.44
1368.33	6055.11
1369.17	6051.11
1370.01	6077.78
1370.85	6042
1371.69	6027
1372.53	6027.44
1373.37	6033.44
1374.2	6038.78
1375.04	6059.22
1375.88	6047.11
1376.72	6047.33
1377.56	6046.67
1378.4	6024.44
1379.23	6012.22
1380.07	6017.22
1380.91	6030.56
1381.75	6077.56
1382.58	5994.33
1383.42	6026.11
1384.26	6001.78
1385.09	6001.78
1385.93	6016.89
1386.77	6020.44
1387.6	5997.33
1388.44	6022.11
1389.28	6045.44
1390.11	6047.56
1390.95	6003.22
1391.78	6018.33
1392.62	6035.44
1393.46	6035.11
1394.29	6005.56
1395.13	6022.11
1395.96	6005
1396.8	5966
1397.63	6016
1398.47	6011
1399.3	5993.56
1400.14	5991.78
1400.97	6014.11
1401.8	5984
1402.64	6002.11
1403.47	5991.78
1404.31	6013.44
1405.14	6008.89
1405.97	6017.56
1406.81	5957
1407.64	5964.33
1408.47	6011.11
1409.31	5996
1410.14	6024.11
1410.97	5973.44
1411.81	6003.33
1412.64	5975.22
1413.47	5979.11
1414.3	5976.44
1415.14	5960.11
1415.97	5994.78
1416.8	5999.44
1417.63	5950.89
1418.46	5978.67
1419.29	5992.11
1420.13	5975.22
1420.96	5956.22
1421.79	6002.89
1422.62	5999
1423.45	5977.78
1424.28	5947.78
1425.11	5988
1425.94	5960.56
1426.77	5965.89
1427.6	5946.67
1428.43	5967
1429.26	5958.78
1430.09	5983.67
1430.92	5952.44
1431.75	5979.22
1432.58	5963
1433.41	5999.33
1434.24	5975
1435.07	5959.78
1435.9	5981.56
1436.73	5953.11
1437.56	5963.33
1438.39	5944.56
1439.21	5959.78
1440.04	5945.67
1440.87	5932.67
1441.7	5935.78
1442.53	5963.89
1443.35	5939.78
1444.18	5977.44
1445.01	5956.67
1445.84	5989.22
1446.67	5902.78
1447.49	5928.33
1448.32	5967.11
1449.15	5949
1449.97	5924
1450.8	5966.44
1451.63	5951
1452.45	6002.33
1453.28	5962.33
1454.11	5935.78
1454.93	5917.89
1455.76	5979.22
1456.59	5965.44
1457.41	5918.33
1458.24	5897.11
1459.06	5903.11
1459.89	5958
1460.71	5966.44
1461.54	5929.67
1462.36	5968.56
1463.19	6006.67
1464.01	5942.11
1464.84	5986.78
1465.66	5961
1466.49	5922.89
1467.31	5949.56
1468.13	5939.67
1468.96	5927.56
1469.78	5980.56
1470.61	5956.11
1471.43	5976.67
1472.25	5921.78
1473.08	5919.22
1473.9	5970.78
1474.72	5941.56
1475.55	5952.56
1476.37	5969.33
1477.19	5965.78
1478.01	5929.56
1478.84	5941.89
1479.66	5937
1480.48	5942.78
1481.3	5969.44
1482.13	5958.22
1482.95	5945.67
1483.77	5941.22
1484.59	5891.33
1485.41	5951.11
1486.23	5928
1487.05	5932.89
1487.88	5941.33
1488.7	5928.44
1489.52	5931.33
1490.34	5924.78
1491.16	5932.22
1491.98	5900.89
1492.8	5924.89
1493.62	5892.33
1494.44	5921.67
1495.26	5936.33
1496.08	5907.22
1496.9	5923.33
1497.72	5884.56
1498.54	5914.11
1499.36	5899.22
1500.18	5889.89
1501	5846
1501.82	5901.67
1502.63	5908.44
1503.45	5882.89
1504.27	5893.11
1505.09	5868.33
1505.91	5904.44
1506.73	5885.78
1507.55	5903.44
1508.36	5901.78
1509.18	5904.33
1510	5883.56
1510.82	5905.33
1511.63	5849.11
1512.45	5910.11
1513.27	5858.22
1514.09	5869.89
1514.9	5887.33
1515.72	5872.44
1516.54	5881.89
1517.35	5858.56
1518.17	5863.33
1518.99	5870.22
1519.8	5854.67
1520.62	5820.11
1521.43	5844.44
1522.25	5845.56
1523.07	5848.44
1523.88	5832.78
1524.7	5848.89
1525.51	5862.78
1526.33	5870
1527.14	5875.11
1527.96	5849.44
1528.77	5857.89
1529.59	5819.11
1530.4	5822.89
1531.22	5880.11
1532.03	5808.56
1532.84	5855.89
1533.66	5855.89
1534.47	5841.89
1535.29	5836.56
1536.1	5797.33
1536.91	5813.67
1537.73	5821.89
1538.54	5830.22
1539.35	5827.56
1540.17	5829.11
1540.98	5814.89
1541.79	5819.11
1542.61	5829.78
1543.42	5803.78
1544.23	5827.56
1545.04	5784.44
1545.86	5793.33
1546.67	5793.22
1547.48	5780.44
1548.29	5799.44
1549.1	5784.11
1549.91	5756.22
1550.73	5805.22
1551.54	5749.56
1552.35	5776.11
1553.16	5778.11
1553.97	5753.89
1554.78	5748
1555.59	5747.33
1556.4	5785.22
1557.21	5767
1558.02	5763
1558.83	5786.78
1559.64	5747.56
1560.45	5751.11
1561.26	5780.56
1562.07	5773.11
1562.88	5755
1563.69	5776.11
1564.5	5731.11
1565.31	5756
1566.12	5765.78
1566.93	5745.44
1567.74	5772.33
1568.55	5716.67
1569.36	5757.89
1570.17	5718.78
1570.97	5764
1571.78	5736.22
1572.59	5753.33
1573.4	5761
1574.21	5750.33
1575.01	5765.33
1575.82	5765.33
1576.63	5751.78
1577.44	5738.44
1578.24	5709
1579.05	5721.44
1579.86	5763
1580.66	5757.67
1581.47	5728.78
1582.28	5732.33
1583.09	5723.67
1583.89	5771.22
1584.7	5760.89
1585.5	5746
1586.31	5775.78
1587.12	5792
1587.92	5764.11
1588.73	5770.78
1589.53	5788.89
1590.34	5755.56
1591.14	5781.56
1591.95	5768
1592.75	5770.33
1593.56	5729.89
1594.36	5793.67
1595.17	5760.56
1595.97	5754.33
1596.78	5765.89
1597.58	5726.56
1598.39	5736.56
1599.19	5724.56
1599.99	5748.89
1600.8	5682.78
1601.6	5653.56
1602.41	5684.67
1603.21	5743.11
1604.01	5698.67
1604.82	5685.33
1605.62	5729.11
1606.42	5705.11
1607.22	5690.22
1608.03	5710.33
1608.83	5687
1609.63	5700.33
1610.43	5731.11
1611.24	5685.22
1612.04	5672.56
1612.84	5715.89
1613.64	5716.11
1614.44	5665.67
1615.25	5656
1616.05	5676.78
1616.85	5697.22
1617.65	5689.67
1618.45	5664.22
1619.25	5685.89
1620.05	5740.11
1620.85	5699.11
1621.66	5679.22
1622.46	5703.89
1623.26	5732.67
1624.06	5693.22
1624.86	5677
1625.66	5707.89
1626.46	5665.67
1627.26	5707.11
1628.06	5686.78
1628.86	5697.22
1629.65	5685.89
1630.45	5634.22
1631.25	5659.33
1632.05	5679.89
1632.85	5674.44
1633.65	5686.33
1634.45	5662.33
1635.25	5658.11
1636.05	5664.22
1636.84	5628
1637.64	5620.89
1638.44	5647.67
1639.24	5643.56
1640.04	5658.78
1640.83	5619.67
1641.63	5634.11
1642.43	5621.56
1643.23	5607.89
1644.02	5608.33
1644.82	5637.44
1645.62	5663.78
1646.41	5619.67
1647.21	5628.56
1648.01	5617.56
1648.81	5625.89
1649.6	5647.22
1650.4	5673.33
1651.19	5624.44
1651.99	5582.11
1652.79	5604.67
1653.58	5608.89
1654.38	5581.11
1655.17	5611
1655.97	5588.33
1656.76	5578.78
1657.56	5602.11
1658.35	5579.33
1659.15	5615.22
1659.94	5615.33
1660.74	5610
1661.53	5591.78
1662.33	5595.33
1663.12	5562.11
1663.91	5573.11
1664.71	5566.22
1665.5	5601.44
1666.3	5557.11
1667.09	5607.67
1667.88	5566.33
1668.68	5555.33
1669.47	5579.11
1670.26	5581.11
1671.06	5572.78
1671.85	5579.78
1672.64	5600.89
1673.44	5548.67
1674.23	5584.11
1675.02	5562.44
1675.81	5560.56
1676.61	5567.56
1677.4	5579.44
1678.19	5582.67
1678.98	5564.44
1679.77	5578.44
1680.56	5576.67
1681.36	5540.56
1682.15	5542.44
1682.94	5513.67
1683.73	5546.22
1684.52	5550.22
1685.31	5564.22
1686.1	5535.67
1686.89	5533.78
1687.68	5532.78
1688.47	5533
1689.26	5507.11
1690.05	5522.89
1690.84	5557.11
1691.63	5540.78
1692.42	5548.78
1693.21	5570
1694	5525.33
1694.79	5523.33
1695.58	5530.22
1696.37	5552.67
1697.16	5520.67
1697.95	5511.89
1698.74	5529.33
1699.53	5491.56
1700.32	5500.33
1701.11	5538.78
1701.89	5532.22
1702.68	5506.78
1703.47	5481
1704.26	5484.11
1705.05	5518.33
1705.83	5497.22
1706.62	5516.44
1707.41	5502.78
1708.2	5470.89
1708.98	5471.11
1709.77	5485.11
1710.56	5467.89
1711.34	5477.44
1712.13	5484.33
1712.92	5449.78
1713.7	5448.78
1714.49	5459.78
1715.28	5480.89
1716.06	5440.89
1716.85	5469.33
1717.64	5455.89
1718.42	5454.22
1719.21	5433.22
1719.99	5456.56
1720.78	5404.22
1721.56	5418.22
1722.35	5396.56
1723.13	5422.11
1723.92	5437.44
1724.7	5441.56
1725.49	5425.22
1726.27	5405.78
1727.06	5382
1727.84	5398.78
1728.63	5403.67
1729.41	5401.11
1730.19	5397.67
1730.98	5399.56
1731.76	5372.11
1732.55	5365.11
1733.33	5375.44
1734.11	5385.22
1734.9	5373.78
1735.68	5359.78
1736.46	5430
1737.25	5395.78
1738.03	5354.78
1738.81	5376.33
1739.59	5351.33
1740.38	5344.89
1741.16	5354.11
1741.94	5365
1742.72	5380.22
1743.51	5324
1744.29	5336.44
1745.07	5332.78
1745.85	5344.56
1746.63	5323.67
1747.41	5321.44
1748.2	5343.11
1748.98	5338.78
1749.76	5282.44
1750.54	5298
1751.32	5322.89
1752.1	5314.89
1752.88	5314
1753.66	5311.67
1754.44	5302.78
1755.22	5272.33
1756	5304.67
1756.78	5303.67
1757.56	5290.56
1758.34	5288.67
1759.12	5296.33
1759.9	5273.67
1760.68	5297.67
1761.46	5280.22
1762.24	5285.67
1763.02	5283.56
1763.8	5288
1764.57	5263.33
1765.35	5231.78
1766.13	5274
1766.91	5254.33
1767.69	5255
1768.47	5251.56
1769.24	5224.22
1770.02	5233.11
1770.8	5245.11
1771.58	5249.67
1772.36	5255.78
1773.13	5217
1773.91	5255
1774.69	5226.22
