100.823	554.8
101.844	552.2
102.867	576
103.889	597
104.912	588.6
105.934	587.4
106.955	591.6
107.978	583.4
108.998	608.4
110.021	621.6
111.041	638.6
112.061	665
113.083	646.8
114.103	616.8
115.125	627.6
116.144	619.6
117.164	639.6
118.185	629.4
119.205	650
120.224	657.6
121.243	674.2
122.264	657.2
123.282	671.4
124.301	669.8
125.32	701.4
126.338	729.4
127.358	798.2
128.376	902
129.395	986.6
130.413	1188.8
131.43	1438.2
132.448	1609
133.466	1541
134.483	1334.2
135.5	1094.8
136.518	928
137.535	834.2
138.551	771.6
139.567	724.8
140.583	707
141.6	693.8
142.616	703.2
143.633	704.2
144.649	722.2
145.663	702.4
146.679	700
147.695	694.2
148.709	664.4
149.724	690.2
150.74	700
151.753	709.6
152.768	706.4
153.783	700.6
154.797	695.2
155.811	674.2
156.824	658.2
157.839	668.8
158.852	673.6
159.866	666
160.878	674.4
161.892	656.8
162.904	664.2
163.916	666.8
164.93	665.8
165.942	667.2
166.954	671.8
167.967	673
168.978	664.4
169.989	686.2
171.002	653.4
172.013	676.8
173.024	686.6
174.035	692.4
175.046	687.4
176.056	719.4
177.067	709.4
178.078	702
179.089	730
180.099	741
181.109	739.2
182.118	753.4
183.128	756
184.137	771.4
185.147	783
186.156	795.6
187.164	804.8
188.173	810.2
189.182	817.6
190.19	845.8
191.199	886.2
192.207	923.2
193.214	917.4
194.222	932.6
195.23	989.4
196.238	998.8
197.245	1030
198.252	1108.4
199.26	1132
200.266	1181.6
201.273	1247.2
202.279	1287.4
203.286	1349.6
204.293	1364.4
205.298	1459.2
206.305	1513.8
207.31	1585.8
208.316	1582.4
209.321	1625
210.326	1613.8
211.332	1643.4
212.336	1617.6
213.342	1572.8
214.346	1584.8
215.35	1535.6
216.354	1514
217.359	1455.6
218.363	1402.8
219.366	1329
220.369	1278
221.374	1212.6
222.377	1195.4
223.38	1164
224.383	1087.8
225.386	1048
226.388	1011.6
227.391	1008
228.393	953
229.395	949.4
230.397	925.2
231.399	905.8
232.401	886.4
233.403	870.2
234.404	852
235.406	847.6
236.407	830.4
237.408	814.8
238.409	808
239.408	794
240.409	798
241.41	766.8
242.41	765.4
243.409	761.8
244.41	749
245.41	738.6
246.408	748.2
247.408	739
248.408	751.4
249.406	736.4
250.405	752.6
251.403	737.6
252.403	715.6
253.4	736.4
254.399	729.6
255.397	741
256.395	730.2
257.392	739.6
258.389	734.8
259.388	733.6
260.384	726.8
261.382	732.2
262.379	741.8
263.375	743
264.372	749.4
265.369	776.8
266.365	801.2
267.361	840.8
268.357	910.2
269.352	912.4
270.349	898.6
271.344	858.6
272.34	800.6
273.335	763
274.33	725.2
275.324	734.8
276.319	720
277.314	688
278.308	699.8
279.302	710.8
280.297	682.8
281.291	688.2
282.285	676.8
283.277	701.4
284.271	675
285.264	669.2
286.257	672.6
287.251	676.2
288.242	664.8
289.235	664.4
290.228	664.4
291.22	675
292.212	666
293.205	663.6
294.196	646.4
295.188	668.8
296.18	659.8
297.171	658.4
298.163	657.2
299.153	655.4
300.145	654.2
301.135	640.6
302.125	654.6
303.116	655
304.105	648.6
305.096	625.4
306.086	644.8
307.075	640
308.066	650.4
309.055	639.8
310.044	644.4
311.034	650.6
312.023	651.4
313.011	661.8
314	638.2
314.988	633.6
315.976	639.4
316.965	641.6
317.953	639.2
318.941	644.8
319.929	629.8
320.916	643.8
321.904	649.2
322.891	655.4
323.878	642.6
324.865	647.2
325.852	636.4
326.837	635.8
327.824	637
328.81	642.6
329.797	654
330.783	638.2
331.769	642.6
332.754	644.8
333.74	634
334.725	646
335.711	639.6
336.695	643.8
337.68	637
338.666	640.4
339.649	659
340.634	656.4
341.618	656
342.602	668.8
343.586	661.6
344.57	655.4
345.553	653
346.537	680.4
347.52	656
348.504	651
349.486	653.6
350.469	672.2
351.452	672.2
352.434	692
353.416	675.6
354.399	690.4
355.381	717.4
356.363	742.2
357.344	788.2
358.327	895.4
359.308	986.4
360.289	1028.4
361.27	939.8
362.251	839.4
363.231	728.8
364.212	718.2
365.192	725.2
366.173	686.4
367.153	668.2
368.133	678.8
369.113	674.4
370.093	679
371.072	687.6
372.052	662.8
373.031	676
374.011	681.4
374.988	666.2
375.967	684.2
376.946	644.2
377.925	669.2
378.902	670
379.881	697
380.859	675
381.836	662.4
382.814	676
383.792	670.4
384.769	682.2
385.747	672
386.723	684.6
387.701	671.8
388.677	674
389.654	684.6
390.63	693
391.607	675.6
392.582	681.8
393.559	692.6
394.534	715.8
395.509	718.6
396.486	729.4
397.461	765.6
398.435	800
399.41	791.4
400.386	743.8
401.36	714.6
402.335	716.4
403.309	702.4
404.283	726.2
405.257	727.2
406.232	773
407.206	789.8
408.179	782.8
409.152	760.8
410.126	731.6
411.099	705.8
412.072	709.4
413.045	703.6
414.018	705.2
414.989	701
415.961	696
416.934	708.8
417.906	705
418.878	690.6
419.85	705.6
420.821	710.2
421.793	683.2
422.764	707.4
423.734	707.8
424.706	698.2
425.677	700.4
426.647	704.6
427.618	706.2
428.589	715.8
429.558	712.6
430.529	709
431.498	711
432.469	723.6
433.437	701
434.408	723.2
435.376	714.6
436.345	724
437.315	714
438.283	723
439.251	720.6
440.22	745.6
441.188	751.4
442.156	746.2
443.124	731.6
444.093	758.4
445.06	760
446.028	762.8
446.995	771.2
447.962	783.2
448.929	799.4
449.897	789.4
450.864	809.6
451.83	842.4
452.797	839.4
453.763	886.2
454.729	908.8
455.694	930.2
456.66	968.4
457.626	1006.8
458.591	1039.2
459.557	1112
460.522	1226.8
461.488	1338.2
462.452	1529
463.417	1746
464.382	2068.4
465.347	2510
466.31	3093.6
467.275	3740
468.239	4387.6
469.202	4820.6
470.166	4762
471.129	4409
472.093	3827.8
473.055	3201.2
474.019	2654.4
474.981	2265.6
475.945	1982.4
476.907	1722.4
477.87	1543.2
478.832	1428.2
479.795	1291.6
480.757	1228.8
481.718	1176.6
482.679	1105.6
483.642	1043.6
484.603	1030.2
485.564	979.4
486.524	960
487.486	957.6
488.447	933.8
489.407	903.4
490.368	891.2
491.328	883.6
492.288	858.8
493.248	863
494.208	864
495.167	844.8
496.127	837.8
497.086	821.2
498.046	814.2
499.005	814
499.964	823.2
500.923	795.2
501.882	777
502.839	789.2
503.798	772.4
504.756	786.6
505.715	765.2
506.671	757.2
507.63	757.6
508.588	755
509.544	750.2
510.502	764
511.459	769.4
512.416	785.2
513.373	805.8
514.329	826.8
515.286	816.2
516.242	782.8
517.198	776.6
518.154	785.6
519.111	769.2
520.066	757
521.021	745.8
521.977	744.6
522.932	748.6
523.887	754.4
524.843	756
525.797	746.2
526.751	725
527.705	726.6
528.661	739.2
529.615	718
530.569	742.2
531.522	710.4
532.476	717.6
533.43	719.4
534.383	718.6
535.336	725.8
536.289	731.4
537.242	724.4
538.195	727
539.148	720.4
540.1	730.2
541.053	721.2
542.005	714.2
542.956	725.8
543.908	711
544.86	708.2
545.812	717.2
546.764	712.8
547.714	700.4
548.666	702.8
549.617	719
550.567	704.6
551.519	707.6
552.47	722.6
553.419	705.4
554.37	701.8
555.319	730.4
556.27	716.8
557.219	697.4
558.17	722
559.118	702.4
560.067	701.8
561.017	685.6
561.966	698.6
562.915	706.2
563.864	713
564.812	711.2
565.76	700.4
566.709	690.2
567.657	697
568.605	683.2
569.552	715
570.5	715.4
571.448	702.2
572.396	690.6
573.343	695.8
574.29	693.2
575.237	691.2
576.183	690
577.13	707.4
578.076	695.8
579.023	695.6
579.969	698.6
580.914	704.4
581.86	699.8
582.806	684.4
583.751	695.8
584.697	707.6
585.643	694.4
586.587	705.8
587.532	692
588.477	697.2
589.421	700.2
590.366	709.8
591.311	699
592.254	706
593.199	711.4
594.142	701.2
595.086	682.4
596.029	713.6
596.973	710.8
597.916	702.2
598.859	696.6
599.802	708.6
600.746	700.6
601.688	717.6
602.63	702.8
603.573	705.2
604.515	707.6
605.457	711.4
606.398	693.6
607.341	709.6
608.282	716.2
609.224	707
610.165	718
611.106	708.4
612.046	717.2
612.987	697.4
613.929	706.4
614.87	696.4
615.81	705.4
616.75	728.8
617.691	715.4
618.629	712.8
619.569	710.6
620.509	704.4
621.449	719.6
622.388	714.8
623.328	723.8
624.267	726.2
625.205	715.4
626.144	698.4
627.083	722.8
628.021	719.4
628.959	711.8
629.898	729.4
630.835	698.6
631.773	699
632.712	696.8
633.649	725.2
634.587	704.4
635.523	715
636.461	709.2
637.397	714.2
638.335	705
639.271	717
640.207	699.8
641.144	699.8
642.08	702
643.016	704.8
643.953	711.8
644.888	704
645.823	710.6
646.758	726.8
647.693	717
648.63	711.8
649.565	716
650.499	719.8
651.434	712.4
652.368	726.4
653.303	705.8
654.237	698.6
655.171	713.6
656.105	701.2
657.039	701.2
657.973	707.8
658.906	682
659.84	694
660.773	709.8
661.705	714.4
662.639	690.6
663.572	710
664.505	696.8
665.436	719.8
666.369	697.4
667.302	698
668.233	702.6
669.165	706.6
670.097	693.4
671.028	697
671.96	691.6
672.891	682.6
673.823	700
674.753	700.4
675.685	702.4
676.615	701.8
677.546	686.8
678.476	692.6
679.406	706
680.337	692.6
681.266	687.6
682.195	690.8
683.126	694.6
684.055	690.4
684.984	689.6
685.913	688.2
686.842	672.8
687.772	694
688.701	689
689.629	687.2
690.558	690.2
691.486	693.6
692.414	693.4
693.342	686.2
694.27	684.8
695.198	688.2
696.126	683
697.053	709.6
697.979	694.6
698.907	717.4
699.834	716.6
700.761	722.2
701.688	710.4
702.614	709.4
703.54	706
704.467	703.2
705.393	700.6
706.319	692.2
707.245	684.2
708.17	690.2
709.096	670.8
710.022	658.4
710.946	687.6
711.872	682.2
712.796	688
713.72	673
714.646	664.4
715.57	678.8
716.495	668.6
717.419	676.2
718.342	678.4
719.267	654.8
720.19	668.8
721.114	668.8
722.037	665.8
722.961	670.4
723.884	673.2
724.807	675.8
725.729	676.6
726.652	670.2
727.575	665.8
728.497	662.4
729.419	664.8
730.341	669.2
731.263	680.4
732.185	676.2
733.107	649.8
734.028	683.6
734.95	660.6
735.871	675.6
736.793	668.2
737.714	679.2
738.634	677
739.555	666.4
740.476	685.2
741.396	682.8
742.315	664.2
743.236	686.4
744.156	679.8
745.075	672
745.996	698.8
746.914	674.8
747.834	674.4
748.753	665.4
749.672	663.8
750.591	691.4
751.51	675.8
752.428	688
753.346	682.2
754.265	659.6
755.183	687.8
756.101	692.8
757.019	685.8
757.937	674.2
758.854	680.6
759.771	686
760.69	699.4
761.606	689
762.523	696.4
763.44	688.4
764.357	665.6
765.273	690.2
766.189	691.2
767.106	697.2
768.022	686.8
768.938	697.2
769.854	695.8
770.769	685.6
771.685	705.6
772.601	686.8
773.516	691.8
774.43	694
775.345	672.6
776.26	705.2
777.175	694.6
778.089	709
779.004	702.4
779.918	693.6
780.832	676.4
781.746	685
782.66	687
783.573	690.2
784.487	707.6
785.4	706.4
786.314	709.6
787.226	693.2
788.14	694.2
789.052	697
789.964	693.8
790.877	703.4
791.789	709.4
792.701	705
793.614	714.2
794.526	715.8
795.437	715.4
796.348	707.4
797.261	714.4
798.172	708.4
799.083	705.2
799.994	698.4
800.904	719.8
801.815	724.6
802.726	706
803.636	722.8
804.546	715
805.457	720.6
806.367	708.4
807.277	710.4
808.186	728.6
809.096	739.2
810.005	772
810.914	772.6
811.823	795
812.733	810
813.641	814.8
814.55	821.6
815.459	785.2
816.366	791.2
817.275	738.8
818.184	741.8
819.091	727.8
819.999	739
820.906	727.6
821.814	707.2
822.721	713.2
823.629	704.2
824.536	693.6
825.443	700.2
826.35	700.2
827.256	704.8
828.163	694.8
829.069	687.6
829.975	671.2
830.881	690.8
831.788	686.2
832.693	685.6
833.599	683.6
834.504	680
835.409	684.6
836.314	687.6
837.219	696.4
838.124	689.8
839.029	688.8
839.933	694
840.838	680.4
841.742	682.6
842.647	686.2
843.551	682.2
844.455	689
845.359	697.4
846.263	691.4
847.165	664.6
848.069	701.2
848.973	689.2
849.876	676.2
850.778	692.4
851.681	683.2
852.583	673.2
853.486	693.6
854.389	680.6
855.29	686.4
856.193	664.6
857.094	679
857.997	691.2
858.898	679.6
859.8	678.2
860.701	686.8
861.601	673
862.503	701.6
863.404	671.4
864.304	669.4
865.206	670.2
866.106	685
867.006	672.2
867.906	682
868.805	680.2
869.706	666.4
870.606	690
871.506	680.6
872.405	672.8
873.304	665.6
874.203	699.6
875.102	688.6
876.001	684.4
876.9	695.6
877.799	681.8
878.696	683.4
879.595	679.6
880.493	684.2
881.391	668.8
882.289	697.8
883.186	683
884.084	703
884.982	668
885.88	690.4
886.776	686
887.673	695.6
888.569	684.6
889.467	679.6
890.364	695.2
891.26	683.8
892.157	675
893.052	683.6
893.948	655.4
894.844	691.6
895.74	681.6
896.636	686.4
897.531	691.2
898.426	691.8
899.322	716.6
900.217	679.6
901.111	686.4
902.006	675.8
902.9	702.4
903.796	679.4
904.69	685
905.584	681.4
906.478	674.8
907.371	691.4
908.265	672
909.159	679.4
910.052	693.8
910.945	674.4
911.839	683.4
912.732	686.8
913.625	692.4
914.517	687.8
915.409	684.2
916.302	693.6
917.195	682.2
918.087	672.8
918.978	698.6
919.871	693.6
920.763	694.4
921.654	703.4
922.545	678.4
923.436	678.8
924.328	690.8
925.218	687
926.11	690.6
927	678.2
927.891	680.6
928.781	696.2
929.672	688.8
930.562	683
931.451	700.8
932.342	682.8
933.232	674
934.121	676
935.011	688
935.9	683.6
936.789	669.4
937.678	688
938.567	672.2
939.455	689.4
940.344	697
941.232	688.2
942.122	679.6
943.01	692.4
943.897	687.2
944.785	685.6
945.673	677.6
946.56	686.8
947.448	689
948.336	681.6
949.223	668
950.11	686.8
950.996	676.6
951.883	688.2
952.77	672.4
953.656	683.6
954.543	680.4
955.429	696.2
956.315	675
957.201	682.2
958.087	668.6
958.972	672.4
959.859	666.2
960.743	670.6
961.628	679.4
962.514	686.2
963.398	659.6
964.284	677.6
965.168	669
966.052	676.4
966.937	675.6
967.821	682.2
968.705	670.2
969.589	680.6
970.474	678.8
971.357	677.8
972.24	677
973.124	682.8
974.007	656
974.89	690.4
975.773	673.4
976.656	679.2
977.538	662.4
978.421	658
979.303	671.4
980.186	661
981.068	681
981.949	677.2
982.831	681.4
983.713	675.2
984.595	670.4
985.477	666.2
986.357	651
987.239	672.6
988.12	665.6
989	673.8
989.881	661
990.761	668.4
991.642	665.8
992.522	663.4
993.402	668.8
994.282	678.6
995.162	657.4
996.042	656
996.922	657.4
997.801	672.4
998.68	687
999.56	691.2
1000.44	686.8
1001.32	680.6
1002.2	655.4
1003.08	669.8
1003.95	671.6
1004.83	670.6
1005.71	661.2
1006.59	662.2
1007.47	670.2
1008.34	673.8
1009.22	681.6
1010.1	666.6
1010.98	662.2
1011.85	660
1012.73	675.6
1013.61	661.4
1014.48	672
1015.36	667.2
1016.24	663.8
1017.11	669
1017.99	669.8
1018.87	672
1019.74	672
1020.62	676
1021.49	660.6
1022.37	660.8
1023.24	672.4
1024.12	668.2
1024.99	675
1025.87	686.4
1026.74	690.8
1027.62	656.4
1028.49	669.8
1029.37	670.4
1030.24	666.2
1031.12	682.2
1031.99	669.2
1032.86	668.4
1033.74	666.4
1034.61	671.8
1035.48	672.6
1036.36	667.6
1037.23	668.4
1038.1	661.4
1038.98	676.8
1039.85	657.6
1040.72	681
1041.6	669.6
1042.47	678
1043.34	668.8
1044.21	663.2
1045.08	680.2
1045.96	673.2
1046.83	671
1047.7	670.8
1048.57	668.8
1049.44	689.6
