3500.16	1147
3500.74	1111.44
3501.32	1116.22
3501.9	1130.44
3502.48	1132.78
3503.06	1125.56
3503.64	1106.67
3504.22	1104.44
3504.8	1124.33
3505.38	1131.67
3505.96	1110.78
3506.53	1110
3507.11	1117.22
3507.69	1122.78
3508.27	1104.22
3508.85	1103.11
3509.43	1102.44
3510.01	1102.11
3510.59	1104
3511.17	1101.44
3511.75	1103.89
3512.33	1093
3512.9	1100
3513.48	1107
3514.06	1101.22
3514.64	1088.67
3515.22	1093.33
3515.8	1089.56
3516.38	1091
3516.95	1105.11
3517.53	1088.33
3518.11	1093
3518.69	1092.89
3519.26	1074.67
3519.84	1092.22
3520.42	1067.33
3521	1096.56
3521.58	1069.44
3522.15	1088
3522.73	1063.22
3523.31	1076.22
3523.88	1064
3524.46	1066.11
3525.04	1069.33
3525.62	1060.67
3526.19	1086.44
3526.77	1064.56
3527.35	1064.67
3527.92	1069
3528.5	1064.56
3529.08	1070.22
3529.65	1045.11
3530.23	1054.56
3530.8	1049.78
3531.38	1046.78
3531.96	1034.22
3532.53	1066.33
3533.11	1056.22
3533.68	1046.11
3534.26	1051.78
3534.84	1038.67
3535.41	1045.56
3535.99	1040.56
3536.56	1035.22
3537.14	1043.33
3537.71	1046.44
3538.29	1031.22
3538.86	1046.78
3539.44	1015.44
3540.01	1023.44
3540.59	1017.22
3541.16	1034.67
3541.74	1030.78
3542.31	1028.78
3542.89	1039
3543.46	1030.11
3544.04	1038.89
3544.61	1020.22
3545.19	1030.67
3545.76	1021
3546.33	1010.33
3546.91	1014.11
3547.48	1000.33
3548.06	1004
3548.63	1007.89
3549.2	999.333
3549.78	1018.22
3550.35	1002.89
3550.93	1017
3551.5	1026.89
3552.07	996.111
3552.65	1001.44
3553.22	983.556
3553.79	995.667
3554.36	990.889
3554.94	983.667
3555.51	981.667
3556.08	1001.78
3556.66	995
3557.23	1000.67
3557.8	987.444
3558.37	982
3558.95	986.778
3559.52	989.556
3560.09	1000.22
3560.66	989
3561.24	987.111
3561.81	980.333
3562.38	979.556
3562.95	964.111
3563.52	980.889
3564.09	975.889
3564.67	968.667
3565.24	979.667
3565.81	982.556
3566.38	971.889
3566.95	958.333
3567.52	960.556
3568.1	955.444
3568.67	957.333
3569.24	968.556
3569.81	986.222
3570.38	962.667
3570.95	964.889
3571.52	962
3572.09	962.444
3572.66	966.667
3573.23	953.222
3573.8	960.111
3574.37	952.778
3574.94	964.333
3575.51	935.556
3576.08	954.889
3576.66	947.222
3577.23	943.556
3577.8	955.333
3578.37	954.222
3578.93	946.889
3579.5	933.222
3580.07	954.778
3580.64	935.556
3581.21	941.111
3581.78	945.111
3582.35	931
3582.92	937.222
3583.49	932.889
3584.06	957.444
3584.63	941.889
3585.2	924.778
3585.77	917.556
3586.33	940.556
3586.9	927.556
3587.47	918.556
3588.04	930.333
3588.61	930.556
3589.18	926.333
3589.75	917.556
3590.31	911.333
3590.88	917.889
3591.45	915.556
3592.02	914.111
3592.59	921.333
3593.15	919.111
3593.72	925.556
3594.29	907.889
3594.86	906.333
3595.43	911.556
3595.99	905.333
3596.56	903.333
3597.13	910.222
3597.69	893.889
3598.26	899.556
3598.83	903.889
3599.4	918.889
3599.96	890.222
3600.53	891.333
3601.1	896.444
3601.66	901
3602.23	890
3602.8	884.555
3603.36	900.222
3603.93	892
3604.5	908.778
3605.06	904.111
3605.63	900.889
3606.19	885.667
3606.76	881.889
3607.33	899.556
3607.89	882.778
3608.46	877.667
3609.02	876.889
3609.59	883.556
3610.15	867.333
3610.72	869
3611.29	877.333
3611.85	879.778
3612.42	879.778
3612.98	869.778
3613.55	886.889
3614.11	877.778
3614.68	875.333
3615.24	862.333
3615.81	860.889
3616.37	876.333
3616.94	877.667
3617.5	877.889
3618.06	863.444
3618.63	857.333
3619.19	867.111
3619.76	869.222
3620.32	863.556
3620.89	865
3621.45	855.333
3622.01	853.778
3622.58	851.111
3623.14	847.556
3623.71	843.444
3624.27	864.111
3624.83	859.445
3625.4	846.556
3625.96	852.778
3626.52	846.444
3627.09	849.667
3627.65	839.778
3628.21	839.111
3628.78	838
3629.34	847.444
3629.9	848.222
3630.46	847.778
3631.03	843.333
3631.59	842.778
3632.15	849.889
3632.72	838.333
3633.28	836.556
3633.84	843.667
3634.4	837.667
3634.96	827.222
3635.53	836.222
3636.09	822.333
3636.65	841.444
3637.21	827
3637.77	832.222
3638.34	823.111
3638.9	829
3639.46	818.556
3640.02	820.444
3640.58	831.111
3641.14	816.111
3641.7	820.111
3642.27	817.111
3642.83	829.222
3643.39	821.778
3643.95	803.667
3644.51	817.556
3645.07	806.333
3645.63	815
3646.19	816
3646.75	819.111
3647.31	807.778
3647.87	824
3648.43	814.444
3649	807.111
3649.56	802
3650.12	810.889
3650.68	823.222
3651.24	811.333
3651.8	802.222
3652.36	799.444
3652.91	804
3653.48	801.667
3654.03	809.556
3654.59	791.778
3655.15	810.222
3655.71	789.111
3656.27	791.222
3656.83	781.222
3657.39	800.889
3657.95	807.889
3658.51	794.111
3659.07	791
3659.63	789.111
3660.19	782.889
3660.74	776.667
3661.3	770.111
3661.86	802.889
3662.42	768.778
3662.98	792
3663.54	779.889
3664.1	797.222
3664.65	806.111
3665.21	784.667
3665.77	781.778
3666.33	771.111
3666.89	790.444
3667.44	793.667
3668	777.445
3668.56	777.778
3669.12	782.444
3669.67	795.778
3670.23	787.444
3670.79	767.222
3671.35	766.111
3671.9	766.333
3672.46	773
3673.02	766.333
3673.57	763
3674.13	769.889
3674.69	763.556
3675.25	772.111
3675.8	755.444
3676.36	744.889
3676.91	769
3677.47	769.333
3678.03	763.111
3678.58	772.667
3679.14	779.556
3679.7	769.556
3680.25	764.889
3680.81	765.889
3681.36	758.667
3681.92	758
3682.48	768.778
3683.03	754.667
3683.59	749.778
3684.14	769.889
3684.7	759.778
3685.25	755
3685.81	758.111
3686.36	754.889
3686.92	753.667
3687.48	752.556
3688.03	762.111
3688.58	745.556
3689.14	754.111
3689.69	742.556
3690.25	752.111
3690.8	740.778
3691.36	752.445
3691.91	746.333
3692.47	753.111
3693.02	739
3693.58	725.333
3694.13	729.444
3694.68	738.556
3695.24	730.778
3695.79	736
3696.35	748.222
3696.9	732.555
3697.45	732.778
3698.01	745.444
3698.56	736.556
3699.12	719.333
3699.67	726.111
3700.22	734.222
3700.78	736.111
3701.33	736.555
3701.88	718.333
3702.43	734.667
3702.99	734.556
3703.54	741.333
3704.09	718.667
3704.65	712.444
3705.2	733.667
3705.75	712
3706.3	714.444
3706.86	721
3707.41	720.778
3707.96	702.444
3708.51	718.778
3709.07	727.111
3709.62	713.111
3710.17	703
3710.72	713.444
3711.27	712.222
3711.83	714.444
3712.38	689.111
3712.93	701.444
3713.48	708.222
3714.03	705.556
3714.58	704.889
3715.14	714.556
3715.69	704.667
3716.24	701.889
3716.79	690.667
3717.34	692.889
3717.89	685.667
3718.44	693
3718.99	704.889
3719.54	706.889
3720.09	697.222
3720.65	702.778
3721.2	703.111
3721.75	694.778
3722.3	693.111
3722.85	693.111
3723.4	701.778
3723.95	692.333
3724.5	681
3725.05	695.333
3725.6	694.111
3726.15	685.667
3726.7	690.222
3727.25	676.667
3727.8	683.333
3728.35	684.889
3728.89	663.333
3729.44	672.778
3729.99	678.333
3730.54	680.667
3731.09	678
3731.64	673.111
3732.19	673.667
3732.74	653.222
3733.29	682.667
3733.84	677
3734.39	671.444
3734.93	679.444
3735.48	663.556
3736.03	676.667
3736.58	662.111
3737.13	671.222
3737.68	675.556
3738.23	687
3738.77	674.889
3739.32	662.444
3739.87	674.444
3740.42	654.111
3740.97	672
3741.51	663.333
3742.06	657.778
3742.61	661
3743.16	664.111
3743.7	655.667
3744.25	667
3744.8	661.889
3745.35	651.889
3745.89	645.778
3746.44	669.667
3746.99	649.444
3747.53	651.778
3748.08	647.445
3748.63	647.778
3749.17	658
3749.72	654.667
3750.27	646
3750.81	652.667
3751.36	642.778
3751.91	638.333
3752.45	648.667
3753	643.889
3753.55	656.556
3754.09	638.778
3754.64	641.111
3755.18	645.778
3755.73	629.444
3756.28	626.444
3756.82	639
3757.37	634.333
3757.91	641.444
3758.46	641.667
3759	649.889
3759.55	628.111
3760.09	633.555
3760.64	633.556
3761.18	620
3761.73	618.778
3762.27	631.889
3762.82	619.333
3763.36	629
3763.91	639.111
3764.45	622.333
3765	625.889
3765.54	624.556
3766.09	618.222
3766.63	631.778
3767.18	613.333
3767.72	615.556
3768.26	615.111
3768.81	616.778
3769.35	612.333
3769.9	625.778
3770.44	609.444
3770.98	615.444
3771.53	614.778
3772.07	617.889
3772.61	620.333
3773.16	618.111
3773.7	615.778
3774.24	608
3774.79	607.778
3775.33	596.111
3775.87	613.667
3776.42	608.333
3776.96	605.667
3777.5	609
3778.05	605.667
3778.59	594.222
3779.13	602.444
3779.67	607.111
3780.22	600.556
3780.76	606
3781.3	594.222
3781.84	603.778
3782.39	587.556
3782.93	604.111
3783.47	595.333
3784.01	598.556
3784.55	591.556
3785.1	598.556
3785.64	602.778
3786.18	599.444
3786.72	593
3787.26	597.556
3787.8	585.222
3788.34	591.333
3788.89	599.667
3789.43	593.667
3789.97	583.667
3790.51	581.444
3791.05	588.889
3791.59	595.667
3792.13	591.667
3792.67	586.667
3793.21	589.111
3793.76	582
3794.3	580.111
3794.84	582
3795.38	578
3795.92	583.778
3796.46	576.222
3797	577
3797.54	578.889
3798.08	577.778
3798.62	584.778
3799.16	571.667
3799.7	580.667
3800.24	570.333
3800.78	564.222
3801.32	576
3801.86	565
3802.4	566.667
3802.94	569.667
3803.48	555.333
3804.01	572
3804.55	561.222
3805.09	552
3805.63	568.111
3806.17	565.556
3806.71	569
3807.25	553.778
3807.79	565.444
3808.33	560.444
3808.86	560.111
3809.4	560.111
3809.94	558.333
3810.48	548.111
3811.02	558.111
3811.56	552.889
3812.09	559.445
3812.63	551.667
3813.17	557.556
3813.71	551
3814.25	561.889
3814.78	554.333
3815.32	545.111
3815.86	558.333
3816.4	552.778
3816.94	555.333
3817.47	543.111
3818.01	542.667
3818.55	535.667
3819.08	554.222
3819.62	543.778
3820.16	547
3820.7	545.667
3821.23	528.667
3821.77	544.667
3822.31	548.667
3822.84	540.778
3823.38	542
3823.92	547.556
3824.45	537
3824.99	541.889
3825.53	542.111
3826.06	530.222
3826.6	540
3827.13	550.333
3827.67	546.778
3828.21	540.222
3828.74	539.444
3829.28	535.778
3829.81	530.889
3830.35	548.445
3830.89	525.667
3831.42	537.333
3831.96	533.667
3832.49	544
3833.03	540.778
3833.56	531.222
3834.1	534.778
3834.63	522.778
3835.17	526
3835.7	531
3836.24	527
3836.77	513.111
3837.31	522.667
3837.84	520.667
3838.38	523.667
3838.91	527.222
3839.44	525.333
3839.98	515.111
3840.51	529.111
3841.05	516.556
3841.58	523.556
3842.12	527
3842.65	521
3843.18	514.333
3843.72	517.222
3844.25	517.889
3844.79	512
3845.32	530.444
3845.85	515
3846.39	527.667
3846.92	514.556
3847.45	513.444
3847.99	510.556
3848.52	521.667
3849.05	511.222
3849.59	514.111
3850.12	505
3850.65	507.778
3851.18	511.333
3851.72	503.778
3852.25	496.778
3852.78	500.111
3853.31	516.333
3853.85	510.889
3854.38	509
3854.91	514.889
3855.44	503.444
3855.98	506.444
3856.51	512.667
3857.04	503.111
3857.57	494.889
3858.11	505.111
3858.64	506.111
3859.17	495.333
3859.7	487.222
3860.23	491.667
3860.76	491.444
3861.29	500.444
3861.83	487.667
3862.36	487
3862.89	490.778
3863.42	499.889
3863.95	502.556
3864.48	486.667
3865.01	504.889
3865.54	486.778
3866.07	496.667
3866.6	499.222
3867.14	486.778
3867.67	499.444
3868.2	501.889
3868.73	489.222
3869.26	485.111
3869.79	486.778
3870.32	498.111
3870.85	490.111
3871.38	483.444
3871.91	480.111
3872.44	486.222
3872.97	498
3873.5	484.222
3874.03	488.667
3874.56	474.111
3875.09	476.889
3875.62	481
3876.15	474.111
3876.68	483
3877.2	485.444
3877.73	485.778
3878.26	482.444
3878.79	479.889
3879.32	482.778
3879.85	482.444
3880.38	483.444
3880.91	477.111
3881.44	480.444
3881.97	485.222
3882.49	483.333
3883.02	475.889
3883.55	486
3884.08	481
3884.61	488.222
3885.14	480.778
3885.66	464.889
3886.19	473.444
3886.72	475.333
3887.25	471
3887.78	471.889
3888.3	478
3888.83	467.889
3889.36	463.333
3889.89	467.111
3890.41	469.667
3890.94	470.111
3891.47	475.222
3892	475
3892.52	465.111
3893.05	468.111
3893.58	467.778
3894.1	467.333
3894.63	458
3895.16	468.333
3895.68	459
3896.21	459.222
3896.74	464.556
3897.26	458.556
3897.79	457.333
3898.32	469.556
3898.84	455.889
3899.37	461.222
3899.9	469.222
3900.42	461.667
3900.95	454.778
3901.47	462.444
3902	452
3902.53	456.667
3903.05	455.111
3903.58	461.111
3904.1	446.667
3904.63	447.667
3905.15	447.222
3905.68	450.333
3906.2	454.111
3906.73	457.111
3907.25	463.889
3907.78	454.333
3908.31	461.889
3908.83	440
3909.35	450.778
3909.88	452.444
3910.4	454.333
3910.93	451.667
3911.45	443.556
3911.98	451.778
3912.5	437.778
3913.03	440.222
3913.55	454.222
3914.08	443.556
3914.6	443.889
3915.12	443.111
3915.65	457.889
3916.17	428.889
3916.7	439.444
3917.22	443.111
3917.74	440.556
3918.27	447.111
3918.79	454.556
3919.31	444
3919.84	449.222
3920.36	448.333
3920.88	439.778
3921.41	431.889
3921.93	440.333
3922.45	443.444
3922.98	435.556
3923.5	439.444
3924.02	442
3924.55	441.667
3925.07	432.889
3925.59	441.667
3926.11	452.889
3926.64	443.778
3927.16	436.111
3927.68	424.889
3928.2	439.667
3928.73	428.333
3929.25	432
3929.77	441
3930.29	431.111
3930.81	438.889
3931.34	423.222
3931.86	426.556
3932.38	431.778
3932.9	430.556
3933.42	426.111
3933.94	428.333
3934.47	423.333
3934.99	424.222
3935.51	429.556
3936.03	428.111
3936.55	428
3937.07	428.667
3937.59	424
3938.11	419.222
3938.63	423.222
3939.16	417.333
3939.68	424.333
3940.2	423.444
3940.72	420.889
3941.24	418.222
3941.76	431
3942.28	428.111
3942.8	415.333
3943.32	426.333
3943.84	413.667
3944.36	414.222
3944.88	414.444
3945.4	417.333
3945.92	411.667
3946.44	420.111
3946.96	423.667
3947.48	413.778
3948	408
3948.52	424.778
3949.04	424.778
3949.56	419
3950.08	416.333
3950.59	417.222
3951.11	407.222
3951.63	409.778
3952.15	413.778
3952.67	396
3953.19	413.444
3953.71	409.667
3954.23	406.889
3954.75	401.333
3955.26	403.444
3955.78	408
3956.3	420.333
3956.82	409.778
3957.34	390.667
3957.86	400
3958.37	398.889
3958.89	403.444
3959.41	397.222
3959.93	402.556
3960.45	404.667
3960.96	414.111
3961.48	401.889
3962	410.222
3962.52	402.556
3963.03	392.111
3963.55	398
3964.07	397.778
3964.59	398.778
3965.1	399.444
3965.62	396.111
3966.14	396.444
3966.66	386.778
3967.17	386.556
3967.69	384.889
3968.21	388.222
3968.72	394.889
3969.24	388
3969.76	389.333
3970.27	386.778
3970.79	389.556
3971.31	387.778
3971.82	393.444
3972.34	392.889
3972.85	391.111
3973.37	387.222
3973.89	381.333
3974.4	399.667
3974.92	394.556
3975.43	385.667
3975.95	392.556
3976.47	393.111
3976.98	388.111
3977.5	397
3978.01	383.778
3978.53	391.889
3979.04	382.333
3979.56	390.444
3980.07	384.333
3980.59	378.556
3981.1	384.333
3981.62	380.111
3982.13	381
3982.65	371
3983.16	375.667
3983.68	374.222
3984.19	381.111
3984.71	393.556
3985.22	382.222
3985.74	380.333
3986.25	378.889
3986.76	381.222
3987.28	380.778
3987.79	367.222
3988.31	378.222
3988.82	367.889
3989.33	375.667
3989.85	369.111
3990.36	374.778
3990.88	375.222
3991.39	372.667
3991.9	376
3992.42	375.889
3992.93	369.556
3993.44	377.111
3993.96	378.667
3994.47	371.222
3994.98	369.222
3995.5	378
3996.01	359.889
3996.52	365.444
3997.03	363.556
3997.55	370
3998.06	369.444
3998.57	367.889
3999.09	364.667
3999.6	369.778
