3000.32	2115.4
3000.96	2099.8
3001.6	2130.4
3002.23	2133.2
3002.87	2126.6
3003.51	2085.6
3004.15	2108.4
3004.79	2093.2
3005.43	2098.2
3006.06	2110.8
3006.7	2113.4
3007.34	2096.2
3007.98	2108.6
3008.61	2100.6
3009.25	2073.6
3009.89	2079
3010.53	2093.4
3011.16	2068.8
3011.8	2075.6
3012.44	2077.6
3013.07	2106.4
3013.71	2091.2
3014.35	2078.4
3014.98	2079.8
3015.62	2088.4
3016.26	2085.2
3016.89	2054.4
3017.53	2092
3018.17	2065.4
3018.8	2071.4
3019.44	2068.6
3020.07	2045.8
3020.71	2072.6
3021.35	2070.6
3021.98	2082.4
3022.62	2080
3023.25	2040.4
3023.89	2062
3024.52	2059.6
3025.16	2062
3025.79	2030.8
3026.43	2063.4
3027.06	2076.8
3027.7	2055
3028.33	2016
3028.97	2035.4
3029.6	2043.8
3030.24	2013.4
3030.87	2059.2
3031.51	2035.2
3032.14	2036.6
3032.77	2046.2
3033.41	2037.6
3034.04	2005.6
3034.68	2050.2
3035.31	2028.2
3035.94	2024
3036.58	2014.2
3037.21	2022.8
3037.84	2015.6
3038.48	2040.2
3039.11	2027.4
3039.75	2029.8
3040.38	2034.2
3041.01	2042.2
3041.64	2013.8
3042.28	1984
3042.91	1986.6
3043.54	2012.6
3044.17	2016.2
3044.81	1990.6
3045.44	2017.2
3046.07	2007
3046.7	1993.4
3047.34	2003.8
3047.97	2012
3048.6	2015.2
3049.23	2020.6
3049.86	2002.2
3050.5	1999
3051.13	2019
3051.76	1961
3052.39	1994
3053.02	1990.4
3053.65	1978.4
3054.28	1982.6
3054.92	1983.4
3055.55	2021
3056.18	2010.8
3056.81	1997
3057.44	1992.6
3058.07	1966.6
3058.7	1960.2
3059.33	1975.6
3059.96	1955.4
3060.59	2006
3061.22	1983.8
3061.85	1993.2
3062.48	1981.4
3063.11	1978.2
3063.74	1972.2
3064.37	1920.6
3065	1971
3065.63	1968
3066.26	1959.8
3066.89	1948.2
3067.52	1944.8
3068.15	1993.2
3068.78	1973.6
3069.41	1962.6
3070.04	1989.8
3070.67	1953.4
3071.29	1951.2
3071.92	1955.8
3072.55	1940.2
3073.18	1960.8
3073.81	1919.4
3074.44	1940.8
3075.07	1947.2
3075.69	1933.8
3076.32	1951.4
3076.95	1952
3077.58	1934.8
3078.21	1939
3078.83	1909.6
3079.46	1950.8
3080.09	1938
3080.72	1931.4
3081.34	1915.2
3081.97	1926.6
3082.6	1914
3083.23	1916.8
3083.85	1922.4
3084.48	1966.2
3085.11	1937.4
3085.73	1930.4
3086.36	1928
3086.99	1920.4
3087.61	1945.6
3088.24	1915
3088.87	1913.6
3089.49	1922.4
3090.12	1934.2
3090.75	1926.4
3091.37	1888
3092	1901.6
3092.62	1911
3093.25	1899
3093.88	1927.6
3094.5	1910.8
3095.13	1895.8
3095.75	1926.2
3096.38	1890.4
3097	1929
3097.63	1879.2
3098.25	1922
3098.88	1879
3099.5	1896
3100.13	1924.4
3100.75	1920.6
3101.38	1912.2
3102	1919.6
3102.63	1913.8
3103.25	1895.8
3103.88	1908.4
3104.5	1876.6
3105.12	1880.4
3105.75	1870.4
3106.37	1881.8
3107	1884
3107.62	1875.4
3108.24	1864.8
3108.87	1900
3109.49	1894.2
3110.11	1859.4
3110.74	1879.6
3111.36	1876
3111.99	1903.4
3112.61	1863.4
3113.23	1887
3113.85	1863
3114.48	1879.4
3115.1	1893.2
3115.72	1890
3116.35	1861.2
3116.97	1869.8
3117.59	1870.6
3118.21	1870
3118.84	1898
3119.46	1882.6
3120.08	1871.4
3120.7	1858.2
3121.32	1858.2
3121.95	1841.4
3122.57	1837.8
3123.19	1848.4
3123.81	1827.8
3124.43	1862
3125.05	1845.2
3125.67	1852.6
3126.3	1845.6
3126.92	1843.2
3127.54	1878.2
3128.16	1839.8
3128.78	1844.6
3129.4	1855.2
3130.02	1849.6
3130.64	1818.8
3131.26	1842.6
3131.88	1827
3132.5	1841.4
3133.12	1814.6
3133.74	1855.6
3134.36	1859.2
3134.98	1834.8
3135.6	1836
3136.22	1838
3136.84	1815
3137.46	1839.8
3138.08	1799.4
3138.7	1797.8
3139.32	1803.6
3139.94	1817.8
3140.56	1832.6
3141.18	1825.4
3141.8	1809.2
3142.42	1794
3143.04	1809.4
3143.66	1829.2
3144.28	1824.8
3144.89	1803.2
3145.51	1812.8
3146.13	1819.8
3146.75	1794
3147.37	1791
3147.99	1820.2
3148.6	1810.4
3149.22	1790
3149.84	1790.4
3150.46	1767
3151.08	1790
3151.69	1783.2
3152.31	1785.6
3152.93	1815
3153.55	1793.2
3154.16	1757.8
3154.78	1798.6
3155.4	1763.4
3156.02	1809
3156.63	1779.6
3157.25	1763.4
3157.87	1751.4
3158.48	1780.2
3159.1	1790.6
3159.72	1779.8
3160.33	1782.8
3160.95	1779.6
3161.57	1753
3162.18	1754
3162.8	1767.8
3163.41	1761.4
3164.03	1781
3164.65	1776
3165.26	1753.8
3165.88	1758
3166.49	1769.4
3167.11	1730.8
3167.73	1762
3168.34	1747.6
3168.96	1769.2
3169.57	1781.8
3170.19	1724.4
3170.8	1751.6
3171.42	1735
3172.03	1738.6
3172.65	1746
3173.26	1741.4
3173.88	1738.4
3174.49	1721.8
3175.1	1743.6
3175.72	1723.2
3176.33	1756
3176.95	1761.2
3177.56	1713.4
3178.18	1714.6
3178.79	1741.8
3179.4	1734.2
3180.02	1715.4
3180.63	1735.2
3181.25	1731.4
3181.86	1710
3182.47	1730.6
3183.09	1729.4
3183.7	1685.8
3184.31	1705.8
3184.93	1709.2
3185.54	1693
3186.15	1718.8
3186.77	1724.2
3187.38	1696
3187.99	1722.6
3188.6	1719.8
3189.22	1707.8
3189.83	1674.8
3190.44	1697.6
3191.05	1690.2
3191.67	1702.2
3192.28	1695.6
3192.89	1691
3193.5	1688
3194.11	1705.2
3194.72	1708.2
3195.34	1687.8
3195.95	1692.4
3196.56	1700.2
3197.17	1680
3197.78	1675.2
3198.39	1681.6
3199	1676.4
3199.62	1687.4
3200.23	1672.6
3200.84	1646.6
3201.45	1680.4
3202.06	1663.8
3202.67	1659.6
3203.28	1680.4
3203.89	1649
3204.5	1673.6
3205.11	1655.6
3205.72	1658
3206.33	1654.2
3206.94	1640.4
3207.55	1663.4
3208.16	1665.6
3208.77	1659.8
3209.38	1682.8
3209.99	1657.4
3210.6	1638.4
3211.21	1662.8
3211.82	1637.6
3212.43	1627.8
3213.04	1640.2
3213.65	1624.4
3214.26	1632.2
3214.87	1651
3215.48	1633.6
3216.08	1631.8
3216.69	1603.8
3217.3	1625
3217.91	1606.2
3218.52	1613
3219.13	1624.6
3219.74	1628.6
3220.34	1630.8
3220.95	1586.4
3221.56	1622.8
3222.17	1623.2
3222.78	1603
3223.38	1607.2
3223.99	1627
3224.6	1625.4
3225.21	1622.2
3225.81	1621
3226.42	1591.8
3227.03	1610.6
3227.64	1627.4
3228.24	1625.4
3228.85	1609.2
3229.46	1607.4
3230.06	1613.4
3230.67	1599.2
3231.28	1606.4
3231.88	1585.8
3232.49	1613.4
3233.1	1594.4
3233.7	1623.8
3234.31	1602.4
3234.92	1621.2
3235.52	1613.2
3236.13	1570.6
3236.73	1605.6
3237.34	1596.4
3237.95	1586.6
3238.55	1590.2
3239.16	1604.4
3239.76	1589.8
3240.37	1574.4
3240.97	1588.4
3241.58	1590.4
3242.18	1603
3242.79	1580.4
3243.39	1560.8
3244	1578.8
3244.6	1594
3245.21	1578.2
3245.81	1576.8
3246.42	1596.2
3247.02	1597.6
3247.63	1573.8
3248.23	1565.6
3248.84	1582.2
3249.44	1553.6
3250.04	1533.6
3250.65	1568
3251.25	1570.2
3251.86	1577.2
3252.46	1567
3253.06	1554
3253.67	1541.4
3254.27	1561
3254.87	1548
3255.48	1544.8
3256.08	1542.2
3256.68	1555.8
3257.29	1533.4
3257.89	1521.4
3258.49	1557
3259.1	1531.8
3259.7	1540.6
3260.3	1551.8
3260.9	1562
3261.51	1534.6
3262.11	1521.6
3262.71	1552.4
3263.31	1556.6
3263.92	1534.6
3264.52	1527.8
3265.12	1532.6
3265.72	1522.2
3266.32	1532.4
3266.93	1514
3267.53	1528
3268.13	1535.6
3268.73	1534.8
3269.33	1558
3269.93	1525.4
3270.53	1534.8
3271.14	1476.2
3271.74	1518.8
3272.34	1485
3272.94	1506.2
3273.54	1521.2
3274.14	1493.4
3274.74	1524.4
3275.34	1521.8
3275.94	1520.2
3276.54	1513.8
3277.14	1522.8
3277.74	1506.6
3278.34	1502.6
3278.94	1503.8
3279.54	1494.6
3280.14	1504.2
3280.74	1508.8
3281.34	1490.2
3281.94	1515.6
3282.54	1495
3283.14	1507.6
3283.74	1486.6
3284.34	1518.6
3284.94	1516.4
3285.54	1476.4
3286.14	1492.4
3286.74	1481.8
3287.34	1487.8
3287.93	1477.4
3288.53	1492.2
3289.13	1492.2
3289.73	1486.8
3290.33	1484.8
3290.93	1510.2
3291.53	1482
3292.12	1491.8
3292.72	1493.6
3293.32	1462
3293.92	1474.8
3294.52	1473
3295.11	1513
3295.71	1501
3296.31	1495.8
3296.91	1444.8
3297.5	1490.4
3298.1	1479.6
3298.7	1468.4
3299.3	1473.6
3299.89	1465.6
3300.49	1462.2
3301.09	1448.6
3301.68	1457.6
3302.28	1482.6
3302.88	1477.2
3303.47	1448.6
3304.07	1467.6
3304.67	1461.6
3305.26	1473.2
3305.86	1459.2
3306.46	1475.8
3307.05	1470.2
3307.65	1466.4
3308.25	1461.2
3308.84	1465.6
3309.44	1464
3310.03	1465.8
3310.63	1447.8
3311.22	1435.8
3311.82	1453.6
3312.42	1453.8
3313.01	1447.8
3313.61	1419.2
3314.2	1474.8
3314.8	1432.8
3315.39	1420.8
3315.99	1447.4
3316.58	1444.4
3317.18	1436.4
3317.77	1415.6
3318.36	1438.2
3318.96	1431.4
3319.55	1443.4
3320.15	1418.8
3320.74	1449
3321.34	1416.2
3321.93	1423.4
3322.52	1426.4
3323.12	1440
3323.71	1438.8
3324.31	1416.4
3324.9	1423
3325.49	1424.4
3326.09	1438
3326.68	1426.4
3327.27	1414.2
3327.87	1408.2
3328.46	1419
3329.05	1426
3329.65	1417.2
3330.24	1412.2
3330.83	1426.6
3331.42	1428.6
3332.02	1423.6
3332.61	1401.6
3333.2	1409.8
3333.8	1429.6
3334.39	1391.6
3334.98	1404.2
3335.57	1421.6
3336.16	1419.6
3336.76	1386.2
3337.35	1381.8
3337.94	1419.4
3338.53	1421.2
3339.12	1393.6
3339.72	1406.8
3340.31	1385.8
3340.9	1414.6
3341.49	1400.2
3342.08	1388.2
3342.67	1396.2
3343.26	1386
3343.85	1385.8
3344.45	1386.6
3345.04	1377.6
3345.63	1388.6
3346.22	1403
3346.81	1385.2
3347.4	1385.8
3347.99	1387.2
3348.58	1400.6
3349.17	1389.2
3349.76	1381.2
3350.35	1356.4
3350.94	1404.6
3351.53	1402
3352.12	1350.6
3352.71	1378.6
3353.3	1360.2
3353.89	1349.2
3354.48	1386.8
3355.07	1361.8
3355.66	1365.2
3356.25	1372.8
3356.84	1352
3357.43	1364.2
3358.01	1362.2
3358.6	1383.2
3359.19	1355.2
3359.78	1361.8
3360.37	1365.6
3360.96	1375.6
3361.55	1348.6
3362.14	1357.4
3362.73	1379.4
3363.31	1360
3363.9	1344.4
3364.49	1338.2
3365.08	1369
3365.67	1350.8
3366.25	1367.4
3366.84	1351
3367.43	1326
3368.02	1333.4
3368.6	1327.6
3369.19	1343.4
3369.78	1343.4
3370.37	1355.8
3370.95	1346.6
3371.54	1347.4
3372.13	1319
3372.72	1323
3373.3	1338.8
3373.89	1338
3374.48	1319.4
3375.06	1320.2
3375.65	1325.6
3376.24	1323.2
3376.82	1339.2
3377.41	1333.6
3378	1332
3378.58	1322.4
3379.17	1325.4
3379.75	1307.8
3380.34	1336.2
3380.92	1313.8
3381.51	1310.6
3382.1	1296.4
3382.68	1298.4
3383.27	1295.8
3383.85	1320.4
3384.44	1310.6
3385.02	1286
3385.61	1316.8
3386.19	1320
3386.78	1299.6
3387.36	1308.4
3387.95	1323.2
3388.53	1304.6
3389.12	1292
3389.7	1284.6
3390.29	1291.8
3390.87	1297.6
3391.46	1298
3392.04	1278.4
3392.63	1303.6
3393.21	1304
3393.79	1288.2
3394.38	1279.8
3394.96	1295.4
3395.55	1311.2
3396.13	1285.6
3396.71	1265.4
3397.3	1302.2
3397.88	1286
3398.46	1295.8
3399.05	1251.8
3399.63	1282
3400.21	1267
3400.8	1280.4
3401.38	1301
3401.96	1269
3402.55	1287.2
3403.13	1277.4
3403.71	1253.6
3404.29	1301.8
3404.88	1279
3405.46	1268.2
3406.04	1278.8
3406.62	1273.6
3407.21	1266.4
3407.79	1270.8
3408.37	1254.8
3408.95	1273.4
3409.53	1269.8
3410.12	1263.4
3410.7	1270
3411.28	1251
3411.86	1245.4
3412.44	1252.4
3413.02	1250
3413.6	1253.8
3414.19	1248.2
3414.77	1260.4
3415.35	1240.8
3415.93	1247.6
3416.51	1257.8
3417.09	1235.8
3417.67	1267.2
3418.25	1251
3418.83	1237.2
3419.41	1261.4
3419.99	1283.4
3420.57	1206
3421.15	1268.2
3421.73	1238.2
3422.31	1245.6
3422.89	1228.8
3423.47	1250.2
3424.05	1243.6
3424.63	1227
3425.21	1221.4
3425.79	1235.2
3426.37	1232
3426.95	1235
3427.53	1221.2
3428.11	1241.6
3428.69	1215.2
3429.27	1233.6
3429.85	1223.4
3430.43	1182.4
3431.01	1222.8
3431.58	1224
3432.16	1209.8
3432.74	1225.8
3433.32	1216.8
3433.9	1201.8
3434.48	1235
3435.06	1222.2
3435.63	1193.2
3436.21	1193.8
3436.79	1193.6
3437.37	1218.4
3437.95	1198.6
3438.52	1219
3439.1	1201.2
3439.68	1184.4
3440.26	1190.8
3440.83	1205.4
3441.41	1216.2
3441.99	1195.8
3442.57	1195.2
3443.14	1178.4
3443.72	1201.4
3444.3	1187.4
3444.87	1205.4
3445.45	1195.2
3446.03	1183.2
3446.6	1175
3447.18	1215
3447.76	1193.6
3448.33	1176
3448.91	1185.6
3449.49	1164.6
3450.06	1187.6
3450.64	1217.2
3451.22	1175.6
3451.79	1186.4
3452.37	1182
3452.94	1182.2
3453.52	1159.8
3454.09	1185.6
3454.67	1174.4
3455.25	1164
3455.82	1163
3456.4	1175.6
3456.97	1157.4
3457.55	1187.4
3458.12	1180.8
3458.7	1143.6
3459.27	1146.2
3459.85	1177
3460.42	1175.4
3461	1169.6
3461.57	1152.8
3462.15	1140.8
3462.72	1146
3463.29	1161.4
3463.87	1164.2
3464.44	1154.4
3465.02	1134.2
3465.59	1152.4
3466.17	1187.2
3466.74	1150.2
3467.31	1150
3467.89	1151.6
3468.46	1145.8
3469.03	1154
3469.61	1141.2
3470.18	1142.2
3470.75	1135
3471.33	1123.2
3471.9	1150.6
3472.47	1149.4
3473.05	1143.4
3473.62	1151
3474.19	1137
3474.76	1123.8
3475.34	1128.8
3475.91	1146.8
3476.48	1139.2
3477.05	1129.2
3477.63	1133.4
3478.2	1144.4
3478.77	1138.4
3479.34	1130.2
3479.92	1117.2
3480.49	1098.8
3481.06	1133.4
3481.63	1130.4
3482.2	1130
3482.77	1117
3483.35	1128.8
3483.92	1109.2
3484.49	1123.4
3485.06	1110.6
3485.63	1126.2
3486.2	1115.4
3486.77	1107.6
3487.34	1102
3487.92	1099.4
3488.49	1126
3489.06	1104.4
3489.63	1114.8
3490.2	1103
3490.77	1124.6
3491.34	1103.6
3491.91	1101.8
3492.48	1097
3493.05	1091.6
3493.62	1089
3494.19	1114
3494.76	1110.2
3495.33	1125.6
3495.9	1094.4
3496.47	1102.4
3497.04	1102.2
3497.61	1104.4
3498.18	1082.8
3498.75	1088.6
3499.32	1092.4
3499.89	1084.6
3500.46	1097
3501.02	1108.8
3501.59	1092.2
3502.16	1081.8
3502.73	1095
3503.3	1108.2
3503.87	1093.6
3504.44	1080.4
3505.01	1095.2
3505.57	1077.8
3506.14	1080
3506.71	1089
3507.28	1083
3507.85	1064
3508.42	1082
3508.98	1080.8
3509.55	1086.6
3510.12	1093.6
3510.69	1081
3511.25	1057.2
3511.82	1059.6
3512.39	1068.6
3512.96	1042.2
3513.52	1040
3514.09	1072
3514.66	1073.6
3515.23	1076.4
3515.79	1057.8
3516.36	1047.8
3516.93	1061.2
3517.49	1053.2
3518.06	1059.4
3518.63	1031.8
3519.19	1069.2
3519.76	1037.8
3520.33	1060
3520.89	1069.2
3521.46	1059.2
3522.02	1045.8
3522.59	1026.6
3523.16	1052.6
3523.72	1038
3524.29	1065
3524.85	1041
3525.42	1030
3525.98	1043.8
3526.55	1027.6
3527.12	1042.6
3527.68	1042.2
3528.25	1045.2
3528.81	1037.8
3529.38	1033.2
3529.94	1031.6
3530.51	1025.8
3531.07	1043.2
3531.64	1005.6
3532.2	1022.4
3532.76	1040.4
3533.33	1033.2
3533.89	1015
3534.46	1026
3535.02	1038.6
3535.59	1029
3536.15	1022
3536.72	1010.6
3537.28	1018
3537.84	1023
3538.41	1015.2
3538.97	1023.6
3539.53	1003.4
3540.1	1002.8
3540.66	1030.6
3541.22	1006
3541.79	1011.6
3542.35	1007.6
3542.91	1009.6
3543.48	995.6
3544.04	1003.4
3544.6	1020.6
3545.17	998.8
3545.73	1015.4
3546.29	997.6
3546.85	1002
3547.42	1016
3547.98	1004
3548.54	992.4
3549.1	989
3549.67	989.8
