3500.16	792.667
3500.74	782
3501.32	794.889
3501.9	786.222
3502.48	780.222
3503.06	772.667
3503.64	773.667
3504.22	773
3504.8	774.222
3505.38	776.222
3505.96	790.111
3506.53	776.111
3507.11	773.778
3507.69	787.556
3508.27	773.556
3508.85	787.667
3509.43	779.778
3510.01	764.444
3510.59	777.667
3511.17	766.555
3511.75	753.889
3512.33	770.667
3512.9	788.222
3513.48	767.667
3514.06	762.556
3514.64	768.556
3515.22	777.667
3515.8	781.333
3516.38	750
3516.95	780.778
3517.53	745.778
3518.11	766.333
3518.69	765.778
3519.26	766
3519.84	749.333
3520.42	756.222
3521	755.667
3521.58	749
3522.15	757.333
3522.73	759.889
3523.31	761.556
3523.88	763.444
3524.46	771.889
3525.04	763.111
3525.62	740.556
3526.19	754.333
3526.77	755.556
3527.35	754.889
3527.92	741.667
3528.5	744.778
3529.08	756.444
3529.65	750.667
3530.23	737.222
3530.8	753.222
3531.38	751
3531.96	743.778
3532.53	748
3533.11	747.667
3533.68	735.111
3534.26	741.444
3534.84	728.667
3535.41	733.333
3535.99	737.111
3536.56	736.444
3537.14	731.222
3537.71	736.444
3538.29	732
3538.86	719.889
3539.44	732.444
3540.01	726.778
3540.59	723.889
3541.16	723.444
3541.74	725.333
3542.31	732.889
3542.89	706.889
3543.46	723
3544.04	717.778
3544.61	715.333
3545.19	717.556
3545.76	721.889
3546.33	724.333
3546.91	725.889
3547.48	712.333
3548.06	718.778
3548.63	716.444
3549.2	712.333
3549.78	724.444
3550.35	716.333
3550.93	721.111
3551.5	722.222
3552.07	728.889
3552.65	705
3553.22	712.889
3553.79	708.333
3554.36	700.667
3554.94	708.778
3555.51	716.111
3556.08	694
3556.66	720.667
3557.23	703
3557.8	692.889
3558.37	704.778
3558.95	714.111
3559.52	710.667
3560.09	700.444
3560.66	710.333
3561.24	683.667
3561.81	708.889
3562.38	703
3562.95	705.667
3563.52	699.556
3564.09	700.111
3564.67	698.333
3565.24	702.556
3565.81	693.333
3566.38	682.778
3566.95	688.667
3567.52	705.333
3568.1	690
3568.67	685.556
3569.24	700.778
3569.81	702
3570.38	689.444
3570.95	693.333
3571.52	676.556
3572.09	686.778
3572.66	689.333
3573.23	677
3573.8	677.333
3574.37	671.778
3574.94	680.889
3575.51	681.667
3576.08	669.778
3576.66	686.333
3577.23	683.111
3577.8	675.556
3578.37	684
3578.93	688.555
3579.5	684.667
3580.07	685
3580.64	670.889
3581.21	662.333
3581.78	676
3582.35	665.111
3582.92	679.444
3583.49	669
3584.06	678
3584.63	666.556
3585.2	674.333
3585.77	685.778
3586.33	685.333
3586.9	671.444
3587.47	673.111
3588.04	672.667
3588.61	660.222
3589.18	677
3589.75	674.444
3590.31	654.889
3590.88	678.444
3591.45	670.111
3592.02	663.556
3592.59	653.445
3593.15	662.333
3593.72	658.333
3594.29	660.667
3594.86	658.778
3595.43	669.778
3595.99	648.556
3596.56	648.889
3597.13	648.667
3597.69	662.444
3598.26	664.667
3598.83	660.445
3599.4	650.333
3599.96	651
3600.53	652.333
3601.1	652.111
3601.66	641.333
3602.23	642.556
3602.8	657.444
3603.36	653
3603.93	646.889
3604.5	647.333
3605.06	629.778
3605.63	646
3606.19	649.444
3606.76	657.889
3607.33	636.556
3607.89	633.667
3608.46	644.556
3609.02	644.222
3609.59	641.667
3610.15	640.111
3610.72	643.222
3611.29	640.222
3611.85	623.333
3612.42	645.444
3612.98	642.667
3613.55	641.444
3614.11	640
3614.68	647
3615.24	645.333
3615.81	627
3616.37	646.222
3616.94	631.333
3617.5	627.333
3618.06	637.111
3618.63	621.111
3619.19	632.556
3619.76	630.222
3620.32	614
3620.89	621.333
3621.45	645
3622.01	628.889
3622.58	630.667
3623.14	647
3623.71	625.556
3624.27	625.778
3624.83	627.889
3625.4	621.222
3625.96	630.222
3626.52	619.556
3627.09	629.667
3627.65	609.667
3628.21	617
3628.78	623.333
3629.34	618
3629.9	617.444
3630.46	624.667
3631.03	614
3631.59	623.667
3632.15	622.889
3632.72	620
3633.28	619.222
3633.84	619.333
3634.4	609.444
3634.96	610.889
3635.53	623.667
3636.09	630
3636.65	614.111
3637.21	613.444
3637.77	604.778
3638.34	607.444
3638.9	604.889
3639.46	604.333
3640.02	615.667
3640.58	602.222
3641.14	607.889
3641.7	591.333
3642.27	598.444
3642.83	599.889
3643.39	606
3643.95	599.333
3644.51	607.444
3645.07	608.444
3645.63	588.333
3646.19	602.889
3646.75	597.111
3647.31	593.556
3647.87	601.889
3648.43	602.555
3649	601.222
3649.56	592.778
3650.12	601.444
3650.68	592.222
3651.24	602.889
3651.8	597.111
3652.36	597
3652.91	601
3653.48	583.778
3654.03	597.667
3654.59	594.667
3655.15	596.333
3655.71	590.556
3656.27	605.444
3656.83	583
3657.39	590.444
3657.95	600.333
3658.51	591.889
3659.07	585.333
3659.63	581.444
3660.19	585.222
3660.74	583.889
3661.3	579.667
3661.86	578.778
3662.42	576.111
3662.98	590.889
3663.54	582.667
3664.1	580.111
3664.65	569.778
3665.21	582.667
3665.77	573.111
3666.33	569.444
3666.89	577.667
3667.44	574.889
3668	573
3668.56	570.333
3669.12	576.222
3669.67	584.889
3670.23	570.778
3670.79	582.889
3671.35	571.222
3671.9	581.445
3672.46	562.333
3673.02	571.889
3673.57	572.444
3674.13	582.778
3674.69	582.222
3675.25	558.111
3675.8	559.889
3676.36	569.556
3676.91	564.889
3677.47	564.556
3678.03	554.555
3678.58	565.222
3679.14	571.333
3679.7	561
3680.25	559.444
3680.81	560.667
3681.36	562.889
3681.92	574.889
3682.48	566.556
3683.03	566.889
3683.59	565.111
3684.14	574.555
3684.7	570.556
3685.25	569.222
3685.81	563
3686.36	561.222
3686.92	560.444
3687.48	561
3688.03	567.556
3688.58	561
3689.14	550.444
3689.69	560.444
3690.25	561.222
3690.8	570.667
3691.36	565.667
3691.91	558.778
3692.47	544.333
3693.02	551
3693.58	551
3694.13	558.556
3694.68	553.444
3695.24	567.667
3695.79	555.556
3696.35	547.889
3696.9	554.889
3697.45	551.333
3698.01	554.444
3698.56	547.444
3699.12	547.444
3699.67	552.222
3700.22	547.444
3700.78	547.889
3701.33	535.111
3701.88	539.333
3702.43	539.111
3702.99	557.333
3703.54	558
3704.09	549.889
3704.65	544.333
3705.2	557.222
3705.75	531.333
3706.3	542.667
3706.86	547.778
3707.41	549
3707.96	540
3708.51	531.444
3709.07	536.667
3709.62	547.333
3710.17	543.667
3710.72	533.333
3711.27	539.556
3711.83	532.333
3712.38	539.222
3712.93	530.667
3713.48	540.667
3714.03	545.778
3714.58	531.444
3715.14	534.889
3715.69	535.222
3716.24	523.556
3716.79	519.667
3717.34	515.556
3717.89	532.222
3718.44	528.556
3718.99	527.445
3719.54	527.333
3720.09	530.222
3720.65	525.889
3721.2	532.222
3721.75	536.222
3722.3	524.111
3722.85	530.889
3723.4	512.333
3723.95	521.667
3724.5	508.556
3725.05	536
3725.6	520.555
3726.15	513
3726.7	527.445
3727.25	528.222
3727.8	521.555
3728.35	514.556
3728.89	524.333
3729.44	525.556
3729.99	509
3730.54	515.222
3731.09	522
3731.64	518.556
3732.19	524.222
3732.74	516.778
3733.29	520.889
3733.84	522
3734.39	505.889
3734.93	516.556
3735.48	512.333
3736.03	510.111
3736.58	512
3737.13	509.889
3737.68	509.333
3738.23	512.222
3738.77	514.444
3739.32	505.444
3739.87	504.222
3740.42	508
3740.97	513.555
3741.51	508.444
3742.06	503.333
3742.61	512.333
3743.16	504
3743.7	512
3744.25	513.556
3744.8	504.556
3745.35	506.889
3745.89	493.111
3746.44	503.333
3746.99	501.444
3747.53	498.556
3748.08	499.222
3748.63	496
3749.17	493
3749.72	500.111
3750.27	486
3750.81	494.667
3751.36	494.333
3751.91	495
3752.45	501.667
3753	491.556
3753.55	489.111
3754.09	500.444
3754.64	500.778
3755.18	487.111
3755.73	490
3756.28	491.778
3756.82	497.778
3757.37	494
3757.91	495.556
3758.46	486.556
3759	489.778
3759.55	489.222
3760.09	492.333
3760.64	486
3761.18	494
3761.73	485.667
3762.27	477.444
3762.82	480.667
3763.36	483.778
3763.91	481.556
3764.45	488.889
3765	479.556
3765.54	479.778
3766.09	491.222
3766.63	481.778
3767.18	483.111
3767.72	478.556
3768.26	483.667
3768.81	479.889
3769.35	477.444
3769.9	482
3770.44	481.556
3770.98	474
3771.53	475.778
3772.07	470
3772.61	490.778
3773.16	469.111
3773.7	469.444
3774.24	474.333
3774.79	470.889
3775.33	471
3775.87	479.444
3776.42	477.444
3776.96	466.889
3777.5	478.556
3778.05	478
3778.59	468.556
3779.13	471.556
3779.67	473.556
3780.22	469.444
3780.76	472.444
3781.3	459.889
3781.84	453.556
3782.39	470.889
3782.93	469.444
3783.47	464.111
3784.01	469
3784.55	462.111
3785.1	475.222
3785.64	464.556
3786.18	466
3786.72	454
3787.26	471.111
3787.8	465.222
3788.34	465
3788.89	470.444
3789.43	453.778
3789.97	464.222
3790.51	455.111
3791.05	468.444
3791.59	461
3792.13	453.889
3792.67	464.222
3793.21	458.778
3793.76	456.778
3794.3	462.667
3794.84	459.111
3795.38	455.444
3795.92	453.222
3796.46	464.111
3797	460.778
3797.54	450
3798.08	450.111
3798.62	446.222
3799.16	447.111
3799.7	460.667
3800.24	461.667
3800.78	450.889
3801.32	451.889
3801.86	447.667
3802.4	449.444
3802.94	450.333
3803.48	452.111
3804.01	445.333
3804.55	443.556
3805.09	441.333
3805.63	446.778
3806.17	441.889
3806.71	450
3807.25	448.889
3807.79	448.444
3808.33	450.444
3808.86	452
3809.4	447.889
3809.94	437.333
3810.48	440.556
3811.02	446.444
3811.56	451.778
3812.09	445.889
3812.63	448.889
3813.17	443.889
3813.71	441.222
3814.25	438.222
3814.78	433.111
3815.32	432.111
3815.86	440
3816.4	434.444
3816.94	426.889
3817.47	434.889
3818.01	437
3818.55	444.333
3819.08	431.889
3819.62	441.111
3820.16	434.444
3820.7	429.667
3821.23	437.111
3821.77	427.556
3822.31	450.667
3822.84	423.778
3823.38	435.667
3823.92	425.444
3824.45	423.889
3824.99	432.889
3825.53	433
3826.06	431.222
3826.6	421.111
3827.13	433
3827.67	423.667
3828.21	414.778
3828.74	434.444
3829.28	430.444
3829.81	430.111
3830.35	432.222
3830.89	437.444
3831.42	425.111
3831.96	432
3832.49	419.333
3833.03	424.778
3833.56	430.111
3834.1	423.222
3834.63	416.556
3835.17	418.111
3835.7	428.889
3836.24	422.111
3836.77	432.778
3837.31	424.333
3837.84	431.889
3838.38	423
3838.91	423.667
3839.44	423.444
3839.98	425.889
3840.51	423.444
3841.05	411.667
3841.58	413.333
3842.12	422.556
3842.65	417.556
3843.18	426
3843.72	418.667
3844.25	409.556
3844.79	408.444
3845.32	414.444
3845.85	417.111
3846.39	427.778
3846.92	412.222
3847.45	412.556
3847.99	411.444
3848.52	411.556
3849.05	414.667
3849.59	399.556
3850.12	424.667
3850.65	416.333
3851.18	414.778
3851.72	415.778
3852.25	412.333
3852.78	413.778
3853.31	402
3853.85	409.111
3854.38	401.333
3854.91	411.889
3855.44	407.556
3855.98	410.333
3856.51	404.111
3857.04	406.556
3857.57	412.778
3858.11	408.333
3858.64	409.778
3859.17	401.667
3859.7	414.111
3860.23	408.111
3860.76	414.889
3861.29	404.333
3861.83	407.111
3862.36	403.667
3862.89	404.333
3863.42	405.889
3863.95	393.111
3864.48	400.444
3865.01	398
3865.54	404.444
3866.07	400.444
3866.6	397.444
3867.14	402.556
3867.67	406.889
3868.2	387.889
3868.73	401.556
3869.26	400.778
3869.79	411.444
3870.32	398.667
3870.85	393.667
3871.38	400.889
3871.91	402.222
3872.44	403
3872.97	405.222
3873.5	396.222
3874.03	395.889
3874.56	396.111
3875.09	403.444
3875.62	394.444
3876.15	402.333
3876.68	386.667
3877.2	398
3877.73	393.667
3878.26	395.222
3878.79	391.778
3879.32	394.556
3879.85	388.778
3880.38	389.222
3880.91	385.333
3881.44	395.889
3881.97	388.778
3882.49	394.444
3883.02	392.667
3883.55	392.111
3884.08	388.778
3884.61	385.667
3885.14	392.333
3885.66	382.222
3886.19	396.889
3886.72	395.111
3887.25	395.667
3887.78	386.444
3888.3	382.667
3888.83	384.444
3889.36	386.333
3889.89	383.667
3890.41	389.667
3890.94	385.111
3891.47	388.444
3892	386.889
3892.52	385
3893.05	386
3893.58	385.444
3894.1	385.444
3894.63	375.778
3895.16	378.444
3895.68	386.889
3896.21	386.333
3896.74	373.111
3897.26	381.111
3897.79	387.889
3898.32	387.333
3898.84	379.778
3899.37	379
3899.9	385.444
3900.42	386.889
3900.95	385.111
3901.47	383.111
3902	381.333
3902.53	376.333
3903.05	368
3903.58	374.222
3904.1	378.222
3904.63	382.444
3905.15	376.111
3905.68	372.889
3906.2	379.889
3906.73	379.444
3907.25	374.778
3907.78	381.444
3908.31	366.111
3908.83	378.778
3909.35	379.778
3909.88	367.556
3910.4	370.667
3910.93	376.889
3911.45	375.444
3911.98	371.778
3912.5	379.333
3913.03	370.556
3913.55	370.111
3914.08	359.889
3914.6	364.111
3915.12	367.667
3915.65	368.444
3916.17	371.889
3916.7	369.667
3917.22	374
3917.74	383.111
3918.27	368.778
3918.79	363.889
3919.31	368.444
3919.84	375
3920.36	367.333
3920.88	371.333
3921.41	362.889
3921.93	364
3922.45	365.778
3922.98	366.444
3923.5	374.667
3924.02	368
3924.55	370.444
3925.07	370.778
3925.59	362.111
3926.11	365.556
3926.64	361.667
3927.16	365.444
3927.68	356.778
3928.2	359
3928.73	365.222
3929.25	347.889
3929.77	372.111
3930.29	360.778
3930.81	361.667
3931.34	371.444
3931.86	362
3932.38	360
3932.9	367.333
3933.42	363
3933.94	357.889
3934.47	350.333
3934.99	357
3935.51	352.444
3936.03	365.667
3936.55	359.222
3937.07	352.556
3937.59	351.556
3938.11	363.889
3938.63	359.111
3939.16	359.889
3939.68	357.444
3940.2	349.444
3940.72	353.111
3941.24	353.667
3941.76	363.333
3942.28	351.222
3942.8	354.667
3943.32	352.333
3943.84	354.222
3944.36	358.889
3944.88	339.556
3945.4	360.111
3945.92	350.556
3946.44	356.889
3946.96	351.556
3947.48	352.222
3948	355.222
3948.52	346.667
3949.04	349.222
3949.56	352.556
3950.08	354.889
3950.59	351.222
3951.11	350.111
3951.63	345
3952.15	350.222
3952.67	338.889
3953.19	344.333
3953.71	350.667
3954.23	338.444
3954.75	349.556
3955.26	345.778
3955.78	343.111
3956.3	347
3956.82	336.667
3957.34	345.111
3957.86	345.333
3958.37	342.111
3958.89	346.111
3959.41	339.889
3959.93	338.111
3960.45	342.222
3960.96	340.333
3961.48	345.889
3962	352
3962.52	343.111
3963.03	343.889
3963.55	345.667
3964.07	343.556
3964.59	347
3965.1	347.889
3965.62	336.667
3966.14	346.444
3966.66	326.889
3967.17	338.556
3967.69	334.667
3968.21	334.778
3968.72	333.889
3969.24	339
3969.76	341.444
3970.27	334.778
3970.79	342.667
3971.31	340.111
3971.82	341.111
3972.34	328.667
3972.85	331.889
3973.37	335.667
3973.89	338.778
3974.4	334
3974.92	336
3975.43	328.333
3975.95	331.778
3976.47	341.778
3976.98	324.444
3977.5	321.667
3978.01	328.889
3978.53	324.556
3979.04	327.556
3979.56	317.889
3980.07	323.222
3980.59	324.222
3981.1	334.111
3981.62	331.444
3982.13	327.333
3982.65	328.778
3983.16	319
3983.68	321.556
3984.19	328.556
3984.71	315.111
3985.22	313.889
3985.74	331.778
3986.25	322
3986.76	323
3987.28	324.111
3987.79	326
3988.31	316.889
3988.82	318.333
3989.33	319.111
3989.85	323.111
3990.36	317.667
3990.88	323.889
3991.39	318.889
3991.9	312.111
3992.42	327.778
3992.93	319.556
3993.44	322.778
3993.96	318.556
3994.47	315.889
3994.98	325.444
3995.5	315
3996.01	309.889
3996.52	313.222
3997.03	319.778
3997.55	308.889
3998.06	317.333
3998.57	314.444
3999.09	308.778
3999.6	319.889
