3500.16	399.333
3500.74	400.333
3501.32	397.667
3501.9	401.222
3502.48	393.333
3503.06	392.444
3503.64	398.111
3504.22	396.222
3504.8	393.111
3505.38	395.444
3505.96	396.333
3506.54	392.333
3507.12	398.111
3507.7	383.778
3508.28	390.222
3508.86	392
3509.44	394.889
3510.01	400
3510.59	400.556
3511.17	391.889
3511.75	390.889
3512.33	382.778
3512.91	393.444
3513.49	387
3514.07	384.667
3514.64	400.556
3515.22	393.111
3515.8	396.556
3516.38	395.333
3516.96	386.444
3517.53	388.111
3518.11	397.556
3518.69	394.444
3519.27	390.222
3519.85	386.333
3520.42	407.111
3521	385.444
3521.58	385.333
3522.16	387.333
3522.73	390.778
3523.31	395.222
3523.89	391.556
3524.47	383.222
3525.04	381.111
3525.62	385.889
3526.2	383.556
3526.77	394.667
3527.35	388.556
3527.93	394.333
3528.5	380.778
3529.08	388.111
3529.66	374.778
3530.23	380.111
3530.81	385.333
3531.38	382.556
3531.96	387.556
3532.54	395
3533.11	386.667
3533.69	391.333
3534.26	382.444
3534.84	377.444
3535.42	383.889
3535.99	392.889
3536.57	385
3537.14	392.889
3537.72	384.444
3538.29	373.889
3538.87	383
3539.44	386.778
3540.02	392.778
3540.59	386.778
3541.17	395.222
3541.74	383.556
3542.32	381.333
3542.89	371.667
3543.47	378.333
3544.04	388.778
3544.61	389.333
3545.19	379.222
3545.76	385.222
3546.34	375.556
3546.91	374.778
3547.49	383.667
3548.06	386.444
3548.63	379.778
3549.21	372.889
3549.78	389.778
3550.35	382.778
3550.93	387.889
3551.5	377.222
3552.08	376.222
3552.65	383.222
3553.22	387.556
3553.8	387.333
3554.37	367.444
3554.94	381.222
3555.51	383.222
3556.09	384.333
3556.66	363.333
3557.23	369.111
3557.8	385.444
3558.38	385.778
3558.95	378.778
3559.52	374
3560.1	372.889
3560.67	372.778
3561.24	373.111
3561.81	379.444
3562.38	384.556
3562.96	377.111
3563.53	391.667
3564.1	375.556
3564.67	372.111
3565.24	371.667
3565.81	375.111
3566.39	372.889
3566.96	366.556
3567.53	381.667
3568.1	374.222
3568.67	375.667
3569.24	375.778
3569.81	370.333
3570.38	372.111
3570.95	368.222
3571.53	385.111
3572.1	372.556
3572.67	379.444
3573.24	371.222
3573.81	373.444
3574.38	370.556
3574.95	368.333
3575.52	364.778
3576.09	374.222
3576.66	366
3577.23	372.667
3577.8	379.111
3578.37	371
3578.94	370.222
3579.51	368.444
3580.08	368.889
3580.65	366.333
3581.22	371.222
3581.79	372.778
3582.35	363.444
3582.92	368.556
3583.49	373.889
3584.06	367
3584.63	373.111
3585.2	371
3585.77	374.222
3586.34	372.111
3586.91	366.222
3587.48	372.111
3588.04	367.889
3588.61	360.778
3589.18	363
3589.75	374.778
3590.32	369.444
3590.89	353.667
3591.45	368.111
3592.02	358.556
3592.59	371.778
3593.16	364
3593.73	369
3594.29	363.333
3594.86	367.111
3595.43	369.556
3596	366.667
3596.56	360.889
3597.13	368.333
3597.7	358.111
3598.26	360.222
3598.83	363.111
3599.4	364.556
3599.97	365
3600.53	356.111
3601.1	363.444
3601.67	365.778
3602.23	367.667
3602.8	366.556
3603.37	368.333
3603.93	361.889
3604.5	370.667
3605.07	353.222
3605.63	360.556
3606.2	348.667
3606.76	359.889
3607.33	364.889
3607.9	357.556
3608.46	355.667
3609.03	362.111
3609.59	354.889
3610.16	362.333
3610.72	357.111
3611.29	357.778
3611.85	363
3612.42	356
3612.99	354.889
3613.55	355.889
3614.11	357.222
3614.68	362.667
3615.24	355.111
3615.81	356.111
3616.37	355.778
3616.94	353.556
3617.5	347
3618.07	361.889
3618.63	362.444
3619.2	357
3619.76	355.778
3620.33	363.444
3620.89	352.778
3621.45	359.222
3622.02	358
3622.58	357.333
3623.15	364
3623.71	355
3624.27	360.444
3624.84	352
3625.4	350.667
3625.96	347.333
3626.53	358.111
3627.09	342.222
3627.65	359
3628.22	360.222
3628.78	361
3629.34	350.667
3629.91	360.111
3630.47	362
3631.03	362.333
3631.59	354.778
3632.16	359.111
3632.72	357.667
3633.28	353.111
3633.84	349.556
3634.41	354.556
3634.97	349.778
3635.53	355.778
3636.09	355.667
3636.65	360.667
3637.22	358
3637.78	343.889
3638.34	345.222
3638.9	361.444
3639.46	349
3640.02	357.111
3640.59	356.667
3641.15	349.111
3641.71	350
3642.27	352.667
3642.83	348.444
3643.39	347.333
3643.95	343.222
3644.51	356.222
3645.07	356.444
3645.64	350.222
3646.2	360.556
3646.76	352.222
3647.32	350.556
3647.88	352
3648.44	349.667
3649	357.556
3649.56	346.667
3650.12	349.556
3650.68	356.333
3651.24	343.889
3651.8	346.444
3652.36	351
3652.92	335.444
3653.48	349.778
3654.04	349.333
3654.6	354.333
3655.16	347.444
3655.72	342.111
3656.28	358.667
3656.84	350.444
3657.39	345
3657.95	343.778
3658.51	352.667
3659.07	349.444
3659.63	346.667
3660.19	350.889
3660.75	360.111
3661.31	344.667
3661.87	344.778
3662.42	341.667
3662.98	348.667
3663.54	342.222
3664.1	349
3664.66	348.111
3665.21	342.778
3665.77	353.667
3666.33	344
3666.89	348.556
3667.45	349.889
3668	347.556
3668.56	350.222
3669.12	347.667
3669.68	350.222
3670.24	333.333
3670.79	340.667
3671.35	341.556
3671.91	351.778
3672.46	346.222
3673.02	345.222
3673.58	347.111
3674.14	342.889
3674.69	350
3675.25	343.444
3675.81	336
3676.36	340.333
3676.92	334.889
3677.47	336.111
3678.03	338.222
3678.59	337.333
3679.14	342.667
3679.7	347.111
3680.26	340
3680.81	340.556
3681.37	347.556
3681.92	333.889
3682.48	336.111
3683.04	334.333
3683.59	339.444
3684.15	335.889
3684.7	341.333
3685.26	337
3685.81	335.667
3686.37	335.556
3686.92	333.778
3687.48	344.889
3688.03	340.889
3688.59	342
3689.14	345.333
3689.7	338
3690.25	348.556
3690.81	343.889
3691.36	343.111
3691.92	342.556
3692.47	329.111
3693.03	344.333
3693.58	334.778
3694.13	336.667
3694.69	340.222
3695.24	332.556
3695.8	347.556
3696.35	338.778
3696.9	331.222
3697.46	340.444
3698.01	339.444
3698.57	338.111
3699.12	335.889
3699.67	336.556
3700.23	337.444
3700.78	338.444
3701.33	332.889
3701.89	335.556
3702.44	337.111
3702.99	334.222
3703.54	341.111
3704.1	336.778
3704.65	346.778
3705.2	336.333
3705.75	337.333
3706.31	337.444
3706.86	328.556
3707.41	334.333
3707.97	338.333
3708.52	339.333
3709.07	342.667
3709.62	336
3710.17	331.111
3710.73	335.111
3711.28	337
3711.83	328.222
3712.38	319.889
3712.93	327.222
3713.48	333.444
3714.04	339.889
3714.59	333.778
3715.14	332.444
3715.69	326.222
3716.24	334.111
3716.79	337.889
3717.34	339.444
3717.89	327.889
3718.45	333.111
3719	333.444
3719.55	335.556
3720.1	336.667
3720.65	330.222
3721.2	329.444
3721.75	335.444
3722.3	334.333
3722.85	325.778
3723.4	328.778
3723.95	334.222
3724.5	337.778
3725.05	333.222
3725.6	328.111
3726.15	334.111
3726.7	328.222
3727.25	335
3727.8	323.778
3728.35	334.667
3728.9	322.444
3729.45	329.111
3730	326.778
3730.55	325.778
3731.1	327.111
3731.65	335
3732.19	327.333
3732.74	328.222
3733.29	325
3733.84	329.556
3734.39	327.778
3734.94	337.222
3735.49	332
3736.04	322.222
3736.58	338.333
3737.13	324.556
3737.68	335.222
3738.23	339.333
3738.78	324.556
3739.32	338.556
3739.87	334
3740.42	338.333
3740.97	331.444
3741.52	328.222
3742.06	334.444
3742.61	337.111
3743.16	338.222
3743.71	323.667
3744.25	328.222
3744.8	319.444
3745.35	328.889
3745.9	329.111
3746.44	326.111
3746.99	323.889
3747.54	322.222
3748.08	326.667
3748.63	316.556
3749.18	319.111
3749.72	320.667
3750.27	324.778
3750.82	319.556
3751.36	324.667
3751.91	323.889
3752.46	322.111
3753	325.111
3753.55	320.444
3754.1	325.222
3754.64	326.889
3755.19	319
3755.73	320.222
3756.28	320.111
3756.82	319.667
3757.37	323.778
3757.92	318.667
3758.46	322.444
3759.01	321.222
3759.55	330
3760.1	316.444
3760.64	315.889
3761.19	322.667
3761.73	311.556
3762.28	318.222
3762.82	317.889
3763.37	324.444
3763.91	321
3764.46	311.556
3765	322.667
3765.55	321.889
3766.09	316.889
3766.63	315.556
3767.18	311.333
3767.72	313.667
3768.27	319.333
3768.81	311.444
3769.36	317.778
3769.9	320.222
3770.44	313
3770.99	312
3771.53	318.444
3772.07	311.667
3772.62	312.667
3773.16	310.778
3773.7	321.333
3774.25	317.222
3774.79	309.556
3775.33	302.778
3775.88	304.667
3776.42	320.667
3776.96	310.778
3777.51	314.222
3778.05	314.556
3778.59	312
3779.14	307.444
3779.68	308.556
3780.22	312.111
3780.76	313.778
3781.3	311.444
3781.85	312.889
3782.39	309.222
3782.93	313
3783.47	310.889
3784.01	305.667
3784.56	312.111
3785.1	311.111
3785.64	308.889
3786.18	306.222
3786.72	314.778
3787.27	312.444
3787.81	303.667
3788.35	304
3788.89	310.444
3789.43	313.444
3789.97	307.222
3790.51	314
3791.05	309.444
3791.6	306.889
3792.14	310.222
3792.68	308.556
3793.22	303.222
3793.76	300.556
3794.3	304.222
3794.84	311.667
3795.38	303.556
3795.92	305.778
3796.46	304.111
3797	297.333
3797.54	305.889
3798.08	301.778
3798.62	303.889
3799.16	306.444
3799.7	299
3800.24	307.222
3800.78	303.778
3801.32	299.333
3801.86	305.222
3802.4	301.889
3802.94	304.889
3803.48	308.778
3804.02	296.333
3804.56	301.778
3805.1	314.556
3805.64	301.333
3806.17	307.556
3806.71	305.778
3807.25	303.889
3807.79	306.333
3808.33	307.778
3808.87	303.222
3809.41	298.667
3809.94	312.556
3810.48	296.222
3811.02	298.333
3811.56	305.111
3812.1	304
3812.64	305.556
3813.17	296.667
3813.71	299.778
3814.25	290.111
3814.79	298.667
3815.33	295.778
3815.86	293.111
3816.4	295.222
3816.94	301.222
3817.48	302.111
3818.01	298.444
3818.55	295.778
3819.09	300.222
3819.63	293.667
3820.16	307.111
3820.7	301.111
3821.24	296.778
3821.77	301.778
3822.31	299.778
3822.85	298.889
3823.38	298.222
3823.92	295.667
3824.46	295.778
3824.99	294.556
3825.53	296.667
3826.07	298.222
3826.6	286.333
3827.14	297
3827.67	301.778
3828.21	297.111
3828.75	298.889
3829.28	292.667
3829.82	300.556
3830.35	293.111
3830.89	301.444
3831.42	288.556
3831.96	296
3832.49	293.556
3833.03	293.333
3833.57	302.889
3834.1	292.556
3834.64	297.444
3835.17	289.333
3835.71	297.556
3836.24	301.889
3836.78	288.333
3837.31	287.778
3837.85	291.222
3838.38	294.889
3838.91	291.333
3839.45	292.778
3839.98	296.333
3840.52	291.444
3841.05	290.333
3841.59	286.556
3842.12	287.333
3842.65	283.444
3843.19	291.778
3843.72	279
3844.26	299.444
3844.79	284
3845.32	285.667
3845.86	286.556
3846.39	293
3846.92	293.333
3847.46	286.444
3847.99	292.222
3848.52	287.667
3849.06	287.444
3849.59	287
3850.12	293.889
3850.66	285
3851.19	288.333
3851.72	289.333
3852.25	290.667
3852.79	291.889
3853.32	290.556
3853.85	286.889
3854.38	282.667
3854.92	291.333
3855.45	291.889
3855.98	291.556
3856.51	296.889
3857.04	287.556
3857.58	286.889
3858.11	285.778
3858.64	285.556
3859.17	280.889
3859.7	290.333
3860.23	291.222
3860.77	288.556
3861.3	289.333
3861.83	285.111
3862.36	292
3862.89	284.889
3863.42	281.556
3863.95	279.667
3864.49	288
3865.02	283
3865.55	290.889
3866.08	274.556
3866.61	279.111
3867.14	279.667
3867.67	292
3868.2	292.444
3868.73	283.667
3869.26	286.444
3869.79	289.333
3870.32	288
3870.85	285.333
3871.38	286.222
3871.91	286
3872.44	280.222
3872.97	298.889
3873.5	279.111
3874.03	283.444
3874.56	282.889
3875.09	278.444
3875.62	277.889
3876.15	284.111
3876.68	281.111
3877.21	277.333
3877.74	279.778
3878.27	273.333
3878.8	277.667
3879.32	281.444
3879.85	276
3880.38	280.444
3880.91	285.222
3881.44	276.444
3881.97	279.556
3882.5	281.222
3883.03	279.444
3883.55	285.333
3884.08	281.889
3884.61	274.444
3885.14	271.222
3885.67	284.111
3886.2	284.667
3886.72	282.111
3887.25	275.667
3887.78	289.111
3888.31	278
3888.83	273
3889.36	281.333
3889.89	284.444
3890.42	285
3890.94	279.556
3891.47	278.556
3892	275.444
3892.53	277.222
3893.05	278.222
3893.58	267.333
3894.11	270.222
3894.64	272.556
3895.16	280.444
3895.69	277.222
3896.22	282.778
3896.74	276.222
3897.27	278.889
3897.79	281.444
3898.32	278.111
3898.85	278.889
3899.37	278.444
3899.9	275.444
3900.43	274
3900.95	285.333
3901.48	276.222
3902	281.889
3902.53	278.556
3903.06	278.889
3903.58	272
3904.11	282
3904.63	261.222
3905.16	269.667
3905.68	274.111
3906.21	278.333
3906.73	271.444
3907.26	275.556
3907.78	271.111
3908.31	273.333
3908.83	278.222
3909.36	280.333
3909.88	275.667
3910.41	273.778
3910.93	275
3911.46	273.889
3911.98	273.889
3912.51	273.333
3913.03	281.889
3913.55	275.778
3914.08	268.444
3914.6	275.222
3915.13	274.444
3915.65	273.778
3916.18	273.222
3916.7	270.444
3917.22	277
3917.75	267
3918.27	273
3918.79	270
3919.32	275.111
3919.84	280.889
3920.36	280.444
3920.89	274.444
3921.41	271.333
3921.93	273.111
3922.46	272.889
3922.98	267.222
3923.5	271.444
3924.03	270.333
3924.55	268
3925.07	269.667
3925.59	276.889
3926.12	272.111
3926.64	262.333
3927.16	271.667
3927.68	269.556
3928.21	270.889
3928.73	267.667
3929.25	268.889
3929.77	263.556
3930.29	271.556
3930.82	269.667
3931.34	270
3931.86	262
3932.38	270
3932.9	272.889
3933.43	263.778
3933.95	264.889
3934.47	272.889
3934.99	267.222
3935.51	270.556
3936.03	275.667
3936.55	263.667
3937.08	267.444
3937.6	260.333
3938.12	266.444
3938.64	259.778
3939.16	264.111
3939.68	272.556
3940.2	265.889
3940.72	260.333
3941.24	264.444
3941.76	267.667
3942.28	258.778
3942.8	265.111
3943.32	265.333
3943.84	267.556
3944.36	267.889
3944.88	264.556
3945.4	267.556
3945.92	270.444
3946.44	262.778
3946.96	265.889
3947.48	252.778
3948	274.667
3948.52	264.556
3949.04	270.333
3949.56	264.889
3950.08	269.333
3950.6	264.667
3951.12	267.556
3951.64	265.667
3952.16	257.444
3952.67	264.111
3953.19	262.111
3953.71	260.333
3954.23	268.222
3954.75	257.889
3955.27	254.444
3955.79	265.333
3956.3	258.556
3956.82	263.333
3957.34	258.111
3957.86	267.333
3958.38	266.333
3958.9	264.444
3959.41	265.889
3959.93	260
3960.45	258
3960.97	257.889
3961.49	254.667
3962	265.778
3962.52	256.556
3963.04	258
3963.56	266.667
3964.07	259.556
3964.59	261.333
3965.11	262.444
3965.62	255.889
3966.14	268.444
3966.66	252.778
3967.18	262.111
3967.69	260
3968.21	255.556
3968.73	265.111
3969.24	257.889
3969.76	260
3970.28	265.667
3970.79	258.556
3971.31	257.333
3971.82	263.556
3972.34	259.667
3972.86	249.889
3973.37	265.333
3973.89	250.778
3974.41	248.778
3974.92	262.444
3975.44	260.556
3975.95	249.222
3976.47	251.667
3976.98	260.889
3977.5	251
3978.02	253.111
3978.53	255.667
3979.05	254.444
3979.56	262.889
3980.08	254.444
3980.59	248.444
3981.11	255.444
3981.62	263.222
3982.14	250.333
3982.65	254.889
3983.17	251.444
3983.68	257.222
3984.2	251.556
3984.71	252.778
3985.22	259.889
3985.74	252.111
3986.25	256.778
3986.77	257.667
3987.28	250.556
3987.8	249.444
3988.31	253.222
3988.82	252.222
3989.34	257
3989.85	255.222
3990.37	259.333
3990.88	246.333
3991.39	247.556
3991.91	254.667
3992.42	249
3992.93	255.556
3993.45	248.889
3993.96	251.778
3994.47	250
3994.99	256.222
3995.5	249.556
3996.01	255.889
3996.53	250.111
3997.04	252.444
3997.55	248.111
3998.06	249.333
3998.58	252.111
3999.09	247.556
3999.6	252.333
