100.883	442.789
101.904	431.895
102.928	430.579
103.949	425.737
104.972	426.105
105.994	420.895
107.015	427.526
108.038	413.947
109.059	400.316
110.081	391.421
111.101	379.579
112.123	374.316
113.143	375.158
114.163	363.895
115.185	373.526
116.204	364
117.224	355.737
118.245	353.158
119.265	336.842
120.284	341.579
121.305	339.579
122.324	345.737
123.342	330.842
124.361	327.053
125.38	329.737
126.4	319.474
127.418	315.526
128.436	313.316
129.454	316.474
130.472	307.789
131.49	306.789
132.508	304.316
133.526	306.579
134.543	301.474
135.56	304.895
136.577	303.263
137.594	295.263
138.611	295.632
139.628	300.158
140.643	300.684
141.66	290.368
142.676	291.632
143.692	282.421
144.709	285.158
145.723	289.368
146.739	283.368
147.755	287.895
148.77	277.632
149.784	284.105
150.799	282.789
151.815	282.474
152.828	266.158
153.843	273.105
154.856	268.421
155.871	275.474
156.884	263.632
157.898	262
158.911	255.842
159.925	252.053
160.938	251.211
161.952	256.895
162.964	251.737
163.976	239.368
164.99	249.053
166.001	245.895
167.015	239.789
168.026	241.263
169.038	235.632
170.049	236.737
171.062	239.474
172.073	233.158
173.084	239.053
174.095	242.421
175.105	238.684
176.116	236.421
177.128	233.105
178.138	236.211
179.148	236
180.158	239.421
181.168	233.789
182.178	231.737
183.187	237.947
184.197	238.263
185.206	231.263
186.216	231.895
187.225	232.211
188.232	239.421
189.241	238.158
190.25	233.579
191.258	237.263
192.267	232.895
193.275	235.316
194.282	237.526
195.29	231.579
196.298	236.526
197.304	233.684
198.312	236.105
199.319	232.579
200.325	232.895
201.333	234.158
202.34	239.053
203.345	243.158
204.352	240.053
205.358	234.842
206.364	239.789
207.369	242.211
208.376	240.947
209.38	241.737
210.385	246.895
211.391	247.789
212.395	249.632
213.401	248.895
214.405	255.211
215.409	245.737
216.415	252.105
217.418	255.316
218.422	264.368
219.425	276.053
220.429	281.737
221.433	282.632
222.436	290
223.439	295.368
224.442	315.842
225.445	329.053
226.447	346.632
227.45	360.421
228.452	356.632
229.454	361.895
230.456	355.158
231.458	360.158
232.46	358.737
233.462	365.211
234.463	363.526
235.465	364.474
236.466	366.632
237.467	370.789
238.468	376.526
239.468	374.158
240.468	373
241.469	371.684
242.47	377
243.468	380.316
244.469	377
245.469	379.263
246.467	388.421
247.467	390.421
248.467	384.947
249.465	392.632
250.465	399.053
251.462	400.789
252.462	396.474
253.459	401.947
254.458	408.158
255.456	405.947
256.454	411.263
257.451	409.789
258.45	423.263
259.447	424.684
260.443	421.684
261.441	436.737
262.438	425.368
263.434	433.895
264.43	444.368
265.428	440.105
266.424	441.158
267.42	445.579
268.415	448.105
269.411	453.789
270.408	460
271.403	460.21
272.398	458.421
273.394	466.211
274.388	476
275.383	485
276.378	478.105
277.372	486.421
278.367	492.316
279.361	498.789
280.355	499.158
281.349	504.737
282.343	514.158
283.336	524.368
284.329	528.895
285.323	533.421
286.316	544
287.31	559.474
288.301	565.632
289.294	581.105
290.287	574.105
291.278	612.526
292.271	624.421
293.264	640.895
294.255	649.053
295.247	680.263
296.239	707.158
297.229	736.263
298.221	776.737
299.212	827.579
300.203	909.684
301.193	981.316
302.185	1039.58
303.174	1042.68
304.164	1033.89
305.155	996.526
306.144	958.421
307.134	889.947
308.124	821.947
309.113	768.895
310.102	740.316
311.093	707.368
312.081	680.158
313.07	661.842
314.058	640.105
315.046	634.632
316.034	610.263
317.024	594.105
318.012	567.474
319	564.579
319.987	560.526
320.975	534.474
321.962	538.842
322.949	516.947
323.936	522.947
324.924	503.526
325.91	503.474
326.896	497.105
327.882	482.842
328.869	479.263
329.855	468.316
330.841	466.211
331.828	462.632
332.812	457.368
333.798	452.105
334.784	445.895
335.769	436.632
336.753	436.368
337.739	424.316
338.724	423.263
339.708	416.684
340.693	423.263
341.676	404.053
342.661	412.158
343.644	408.211
344.628	399.737
345.611	397.158
346.596	391.526
347.578	382.737
348.562	388.789
349.545	382.474
350.527	384.368
351.511	371.684
352.493	382.158
353.475	374.474
354.458	365
355.439	368.895
356.421	360.105
357.402	361.474
358.385	355.316
359.366	353.895
360.347	351.632
361.328	351
362.309	350.474
363.29	345.526
364.27	349.632
365.251	341.105
366.231	336.737
367.211	341.211
368.191	335.737
369.171	336.737
370.151	334.526
371.13	330.158
372.11	331.526
373.089	326.579
374.069	326.053
375.046	330.947
376.025	320.368
377.004	323.368
377.983	316.789
378.96	320.263
379.939	315.526
380.917	321.158
381.894	314.737
382.872	308.895
383.85	314.158
384.827	308.842
385.805	304.368
386.781	300.789
387.759	299.368
388.735	302.053
389.712	298.316
390.688	302.474
391.665	299.526
392.64	295.474
393.617	296.632
394.592	291.789
395.567	295.263
396.544	292.632
397.519	290.053
398.493	283.684
399.468	288.842
400.444	284.316
401.418	286.684
402.393	286.105
403.367	281.105
404.341	283.105
405.315	285.474
406.29	281.684
407.263	285.474
408.237	284.842
409.21	278.895
410.184	276.632
411.157	279.368
412.13	280.684
413.103	279.263
414.074	274.421
415.047	276.947
416.019	275.579
416.992	279.737
417.964	285
418.936	278.421
419.907	274.789
420.879	282.632
421.85	281.263
422.822	280.316
423.792	281.579
424.764	283.316
425.735	284.211
426.705	290.263
427.676	290.053
428.645	289.263
429.616	295
430.587	296.684
431.556	299.737
432.526	299.526
433.495	297.474
434.464	303.316
435.434	301.579
436.402	302.158
437.372	297.421
438.341	281.895
439.309	271.526
440.278	263.526
441.246	248.895
442.214	250.263
443.181	245.632
444.15	235.474
445.118	234
446.085	231.316
447.052	221.316
448.019	213.263
448.986	209.842
449.953	205.526
450.92	200.421
451.886	191.421
452.854	185.579
453.819	182.632
454.785	169.947
455.751	160.316
456.717	154.632
457.683	140.421
458.649	130.842
459.614	127.211
460.58	124.421
461.545	129.263
462.509	132.158
463.474	135
464.439	141.421
465.404	142.263
466.367	143.684
467.332	147.263
468.296	152.632
469.259	154.579
470.224	155.105
471.186	160.895
472.15	159.421
473.113	159.526
474.077	159.105
475.039	162.947
476.002	170.526
476.964	170.053
477.928	175.947
478.889	180.579
479.851	185.842
480.814	185.105
481.775	196.526
482.736	194.737
483.699	205.053
484.66	206.211
485.621	221.263
486.582	224.263
487.544	234.579
488.504	240.895
489.465	247.368
490.425	255.053
491.385	267
492.345	275.526
493.305	280.368
494.265	296.789
495.225	309.579
496.184	319.789
497.144	342.842
498.103	346.737
499.062	378.316
500.021	399.105
500.98	420.684
501.938	452.421
502.896	495.211
503.855	533.158
504.813	596
505.772	652.684
506.729	727.211
507.687	817.579
508.645	942.632
509.601	1097.05
510.559	1283.95
511.517	1525.53
512.473	1864.84
513.43	2360.58
514.386	3022.21
515.343	4057.68
516.299	5714.26
517.256	8674.89
518.211	14020.6
519.168	22756.2
520.123	33501.7
521.078	41469.9
522.034	41094.9
522.989	32363.1
523.944	21244.5
524.899	13063.7
525.854	8421.16
526.808	5828.21
527.762	4277.89
528.716	3310.95
529.672	2650.21
530.626	2201.79
531.579	1881.63
532.533	1648.26
533.486	1441.37
534.44	1301.32
535.393	1179.47
536.346	1056.21
537.299	969.632
538.252	891.158
539.205	829.526
540.157	769.579
541.11	721.316
542.061	665.158
543.013	620.79
543.965	597.632
544.917	562.632
545.869	527.105
546.82	498.421
547.771	481.263
548.723	452.579
549.673	436.526
550.624	408.105
551.575	403.211
552.525	381.421
553.476	363.105
554.425	348.053
555.376	334.579
556.325	320.316
557.276	318
558.225	298.632
559.175	292.263
560.124	284.842
561.074	278.737
562.022	269.895
562.971	267.316
563.92	259.842
564.869	247.211
565.817	244.158
566.764	239.947
567.714	237.053
568.661	234.263
569.609	220.842
570.556	210.158
571.504	209.632
572.451	206.632
573.399	209
574.346	198.737
575.293	189.263
576.24	195.158
577.186	192.895
578.133	178.947
579.078	187.263
580.024	187
580.97	174.842
581.916	180.421
582.862	180.053
583.808	178.895
584.754	176.895
585.698	173.579
586.643	173.947
587.588	176.684
588.534	176.474
589.477	169.947
590.422	168.895
591.366	166.105
592.31	174.316
593.255	171.789
594.198	165.737
595.142	172.789
596.085	171.684
597.029	173.316
597.972	175.684
598.916	175.947
599.858	177.421
600.801	178.789
601.744	178.579
602.686	178.316
603.628	182.632
604.571	185.158
605.513	184.526
606.454	191.053
607.396	188.053
608.339	190.053
609.28	194.474
610.221	200.895
611.162	192.053
612.103	207.737
613.044	211.368
613.984	219.474
614.925	218.579
615.865	232.105
616.805	229
617.745	230.105
618.686	240
619.625	240.263
620.565	238.947
621.505	244
622.445	242.579
623.384	236.368
624.322	232.737
625.261	230.632
626.2	227.579
627.139	219.158
628.077	218.526
629.016	213
629.954	206.474
630.891	201.421
631.83	195.211
632.767	202.105
633.705	197
634.641	200.842
635.579	201.263
636.516	193.947
637.454	195.526
638.39	199.211
639.327	191.895
640.263	197.263
641.199	191.105
642.136	188.421
643.072	195
644.007	188.895
644.944	191.842
645.879	192.211
646.815	188.684
647.75	195.895
648.685	196.947
649.621	187.053
650.555	186
651.49	191.316
652.424	189.789
653.359	186.947
654.293	190.053
655.227	190.526
656.161	184.895
657.095	189.842
658.029	196.632
658.963	193.789
659.895	198.474
660.828	201.158
661.761	188.737
662.695	196
663.628	197.895
664.559	202.474
665.492	201.526
666.425	200.579
667.357	205.158
668.289	201.632
669.221	207.263
670.152	201.737
671.084	203
672.016	202
672.947	201.684
673.878	198.368
674.809	205.842
675.74	198.105
676.67	192.684
677.6	189.947
678.532	183.579
679.461	181.947
680.391	177.842
681.322	177.474
682.251	176.684
683.181	167.737
684.111	169.105
685.04	164.053
685.969	159.737
686.898	164.474
687.827	161.526
688.755	158.632
689.684	156.789
690.614	149.737
691.542	151.421
692.47	143.579
693.398	145.158
694.326	139.737
695.252	135.789
696.18	136.263
697.108	135.579
698.035	127.684
698.962	126.421
699.89	124.895
700.817	124.368
701.742	125.263
702.669	121.316
703.596	121.526
704.523	117.947
705.448	118.421
706.374	117.947
707.3	116.842
708.225	112.684
709.151	113.895
710.076	111.211
711.002	107.158
711.926	109.421
712.852	110.684
713.776	109.263
714.701	111.211
715.625	107.053
716.549	106.105
717.474	106.842
718.398	105.526
719.321	105.895
720.246	104.474
721.169	104.105
722.092	110.105
723.015	105.368
723.94	104.895
724.862	103.368
725.785	106.368
726.708	101.947
727.63	104.368
728.552	103.789
729.475	104.632
730.397	103.684
731.319	107.737
732.24	103.842
733.162	102.263
734.084	104.579
735.005	105.526
735.927	103.895
736.847	102.526
737.768	105.316
738.689	108.737
739.61	100.579
740.531	103.105
741.45	102.263
742.371	102.053
743.291	105.579
744.21	105.158
745.131	103
746.05	103.105
746.97	107.263
747.89	106.053
748.808	106.842
749.726	103.316
750.646	105.737
751.564	111.263
752.484	110.105
753.401	108
754.321	108.737
755.238	110.474
756.156	116.947
757.073	116.789
757.992	114.158
758.909	115.789
759.826	115.474
760.743	116.895
761.662	118.842
762.578	119.526
763.495	117.316
764.412	117.526
765.328	120.947
766.245	120.947
767.161	117.421
768.077	118.842
768.993	119.053
769.909	119.316
770.825	122.211
771.74	118.526
772.654	121.579
773.57	120.789
774.485	122.421
775.4	125.895
776.315	123.263
777.229	126.526
778.144	125.105
779.059	128.158
779.972	126.895
780.887	130.579
781.801	126.526
782.714	130.053
783.628	133
784.541	129.895
785.455	127.211
786.367	129.842
787.281	133.105
788.194	134.316
789.107	133.842
790.019	135.632
790.931	133.895
791.844	131.789
792.756	137.842
793.668	138.632
794.581	138.737
795.492	141.789
796.403	139.579
797.314	140.263
798.226	145.053
799.136	143.684
800.049	144.579
800.959	149.474
801.87	146.737
802.781	152.579
803.691	144.421
804.601	152.684
805.511	156.053
806.422	151.368
807.33	152.842
808.24	153.895
809.15	154.316
810.059	158.211
810.969	158.895
811.878	161.316
812.786	161.263
813.695	160.579
814.604	160.474
815.512	158.842
816.421	164.737
817.33	162.684
818.237	167.842
819.146	168.526
820.053	166.053
820.961	163.421
821.868	162.053
822.776	163.211
823.682	163.316
824.59	166.316
825.497	161.474
826.404	162.211
827.31	160.105
828.217	164.421
829.122	162.316
830.03	158.316
830.935	158.263
831.841	159.737
832.747	156.947
833.653	156.105
834.559	156.316
835.464	151.947
836.369	150.579
837.274	151.842
838.179	148.842
839.083	144.947
839.988	145.263
840.893	146.211
841.797	144.211
842.701	150
843.606	149.579
844.51	148.526
845.412	146
846.316	151.526
847.22	146.684
848.124	153.474
849.026	151.211
849.929	147.895
850.833	148.579
851.734	144.737
852.638	147.684
853.541	147.526
854.442	148.105
855.345	146.368
856.246	149.316
857.149	148.316
858.05	152
858.952	147.684
859.853	153.474
860.755	148.263
861.656	151.053
862.556	149.789
863.458	148.263
864.359	154.947
865.259	148.842
866.159	152
867.06	154.105
867.96	149.263
868.86	152.316
869.76	157.421
870.659	154.105
871.559	152.684
872.458	150.737
873.357	155.368
874.256	155.368
875.155	150.421
876.054	153.947
876.953	161.316
877.852	159.105
878.75	158.105
879.649	155.632
880.547	159.105
881.446	161.737
882.342	160.211
883.24	155.421
884.138	156.105
885.035	158.737
885.933	160.684
886.83	160.211
887.726	160.263
888.624	165.105
889.521	164.263
890.417	159.895
891.314	164.579
892.21	162.158
893.107	163.895
894.002	163.316
894.897	163.526
895.794	166
896.689	163
897.585	165.105
898.48	162.632
899.375	166.632
900.269	167.737
901.165	166.842
902.06	168.211
902.954	174.789
903.848	175.579
904.742	165.789
905.636	170.053
906.53	170.895
907.426	172.526
908.319	170.474
909.213	170.842
910.106	169.421
910.998	174.105
911.892	175.684
912.785	176.263
913.678	182.368
914.571	182.474
915.464	181.105
916.356	184.684
917.247	181.211
918.14	189.421
919.032	196.895
919.923	192.421
920.815	203.579
921.708	206.632
922.598	211.211
923.49	218.895
924.38	234.684
925.272	245.737
926.164	260.053
927.054	288.737
927.944	312.737
928.835	355.316
929.725	395.421
930.616	447.579
931.505	498.316
932.395	548.474
933.285	603
934.175	652.895
935.064	715.105
935.953	774
936.842	825.79
937.732	863.421
938.621	917.947
939.509	960.211
940.398	971.789
941.286	989.158
942.174	1007.95
943.063	981.211
943.951	972.263
944.839	953.105
945.726	938.842
946.614	923.316
947.502	913.842
948.389	908.263
949.275	914.737
950.163	898.474
951.05	886.737
951.937	879.632
952.823	884
953.71	895.158
954.596	884
955.482	878.947
956.368	862.737
957.255	862.947
958.14	860.316
959.026	860.789
959.911	847.316
960.797	840.211
961.682	846.789
962.566	843.474
963.452	842.632
964.336	836.316
965.222	827.789
966.106	825.789
966.99	822.526
967.874	818.579
968.759	816.579
969.642	801.368
970.526	789.947
971.409	795.579
972.293	791.632
973.176	781.789
974.06	780.684
974.943	768.316
975.826	751.737
976.709	745.789
977.592	753
978.474	743.789
979.356	743.211
980.238	734.105
981.12	717.789
982.003	729.789
982.885	704.421
983.767	693.368
984.647	679.737
985.529	663.684
986.411	655.737
987.291	630.684
988.172	605.263
989.054	572.158
989.933	537
990.815	505.211
991.694	477.526
992.575	453.895
993.455	421.684
994.335	403.211
995.215	375.474
996.095	358.526
996.974	343.526
997.855	333.947
998.733	318
999.612	290.737
1000.49	289.842
1001.37	281.579
1002.25	267.263
1003.13	261.684
1004.01	247.158
1004.88	247.947
1005.76	242.737
1006.64	231.421
1007.52	230.105
1008.4	218.579
1009.27	209.053
1010.15	208.316
1011.03	200.421
1011.91	193.947
1012.78	192.105
1013.66	187.579
1014.54	181.526
1015.41	178.105
1016.29	167.895
1017.17	169.474
1018.04	161.053
1018.92	158.842
1019.79	155.053
1020.67	152.053
1021.55	150
1022.42	143.842
1023.3	142.211
1024.17	139.263
1025.05	135.105
1025.92	127.421
1026.8	131.158
1027.67	125
1028.55	119.368
1029.42	117.263
1030.29	112.789
1031.17	108.632
1032.04	104.947
1032.92	102.474
1033.79	102.158
1034.66	93.8421
1035.54	91.2632
1036.41	86.8421
1037.28	85
1038.16	77.5789
1039.03	75.6316
1039.9	72.2105
1040.77	66.6842
1041.65	63.4211
1042.52	61.1053
1043.39	62.5263
1044.26	60.5263
1045.14	56.5263
1046.01	54.7895
1046.88	51.7895
1047.75	50.6842
1048.62	49.2632
1049.49	52.0526
