3500.16	23.9474
3500.74	22.6316
3501.32	22.7895
3501.9	24.2105
3502.48	24.7895
3503.06	23.0526
3503.64	22.5789
3504.22	22.8947
3504.8	24.6316
3505.38	23.4737
3505.96	24.7368
3506.54	24.6842
3507.12	22.7368
3507.7	21.5263
3508.28	22.6316
3508.86	24.6842
3509.44	25.5263
3510.01	24.6316
3510.59	24
3511.17	23.6842
3511.75	25.4211
3512.33	23.2105
3512.91	23.3158
3513.49	25.4737
3514.07	23.2632
3514.64	23.0526
3515.22	22.8421
3515.8	23.5263
3516.38	24.2105
3516.96	23
3517.53	22.8947
3518.11	25.8947
3518.69	24.3684
3519.27	24.5789
3519.85	24.5789
3520.42	25.5263
3521	25.0526
3521.58	27.3158
3522.16	24.2105
3522.73	24.3684
3523.31	22.7368
3523.89	23.7368
3524.47	23.3158
3525.04	24.3684
3525.62	23.9474
3526.2	21.2632
3526.77	22.8421
3527.35	22.0526
3527.93	25.3684
3528.5	22.1053
3529.08	27.3158
3529.66	23.4737
3530.23	24.0526
3530.81	23.7368
3531.38	21.1053
3531.96	21.8947
3532.54	22.4211
3533.11	22.9474
3533.69	20.4211
3534.26	26.5263
3534.84	22.0526
3535.42	25.8421
3535.99	24.3684
3536.57	21.6842
3537.14	23.6842
3537.72	21.1053
3538.29	24.6316
3538.87	22.8947
3539.44	24.4737
3540.02	20.5263
3540.59	25
3541.17	21.3684
3541.74	25.0526
3542.32	25.1053
3542.89	22.3158
3543.47	22.5789
3544.04	22.3158
3544.61	24.2105
3545.19	24.2632
3545.76	24.3158
3546.34	24.8947
3546.91	22.5789
3547.49	22.1053
3548.06	22
3548.63	22.3684
3549.21	23.9474
3549.78	25.3158
3550.35	23.8947
3550.93	25.0526
3551.5	23
3552.08	22.2105
3552.65	23.5263
3553.22	22.6316
3553.8	21.9474
3554.37	23.6842
3554.94	24.4211
3555.51	24.9474
3556.09	25.4211
3556.66	22.2105
3557.23	22.1053
3557.8	25.5263
3558.38	23.1579
3558.95	23.9474
3559.52	24.8947
3560.1	24.1579
3560.67	23.3684
3561.24	24.1053
3561.81	22.5263
3562.38	23.3158
3562.96	24.2632
3563.53	23.4211
3564.1	24.1053
3564.67	23.4211
3565.24	26
3565.81	23.5263
3566.39	22.421
3566.96	25.4737
3567.53	25.6842
3568.1	26.6842
3568.67	25.5789
3569.24	25.5789
3569.81	25.7895
3570.38	24.7368
3570.95	24.6842
3571.53	28.8947
3572.1	24.2105
3572.67	23.3684
3573.24	26.6316
3573.81	26.0526
3574.38	25.9474
3574.95	22.3684
3575.52	23.3158
3576.09	24.1053
3576.66	24.4211
3577.23	24.7368
3577.8	23.5789
3578.37	26.5263
3578.94	23.6842
3579.51	22.6316
3580.08	22.5263
3580.65	23.4737
3581.22	23.9474
3581.79	22.4211
3582.35	22.6316
3582.92	22.8421
3583.49	23.5263
3584.06	22.9474
3584.63	24.7895
3585.2	23.8421
3585.77	22.2105
3586.34	23.7368
3586.91	24.7368
3587.48	25.7895
3588.04	24.8421
3588.61	26.8947
3589.18	24.3158
3589.75	23.5789
3590.32	24.5263
3590.89	24.7895
3591.45	25.2105
3592.02	23.5263
3592.59	25.7895
3593.16	24.2105
3593.73	24.6316
3594.29	24.9474
3594.86	24
3595.43	25.2105
3596	22.7368
3596.56	22.7368
3597.13	24.6316
3597.7	23.5789
3598.26	23.3684
3598.83	24.2632
3599.4	23.4211
3599.97	24.6842
3600.53	21.6316
3601.1	24.2632
3601.67	24.0526
3602.23	22.6842
3602.8	24.6316
3603.37	22.4211
3603.93	23.4211
3604.5	23.0526
3605.07	23.4211
3605.63	24.1053
3606.2	24.7895
3606.76	22.3684
3607.33	25.2105
3607.9	23.8421
3608.46	25.6842
3609.03	25.2632
3609.59	22.4211
3610.16	25.2632
3610.72	26.5789
3611.29	23.1579
3611.85	23.3158
3612.42	23.5263
3612.99	23.8421
3613.55	23.4211
3614.11	24.5263
3614.68	25.8421
3615.24	23.9474
3615.81	24.3158
3616.37	23.4737
3616.94	25.4211
3617.5	24.4737
3618.07	24.4737
3618.63	25.8947
3619.2	25.3158
3619.76	23.5263
3620.33	25.0526
3620.89	24.0526
3621.45	24.5789
3622.02	23.5789
3622.58	23.0526
3623.15	24.7895
3623.71	24.3684
3624.27	23.2105
3624.84	24.8947
3625.4	22.8947
3625.96	22.8947
3626.53	24.6842
3627.09	25.1053
3627.65	21.2632
3628.22	23.4211
3628.78	24.9474
3629.34	23.8947
3629.91	23.5789
3630.47	25.2632
3631.03	25.1053
3631.59	24.5789
3632.16	24
3632.72	23.7368
3633.28	23.4211
3633.84	25.4737
3634.41	21
3634.97	20.9474
3635.53	24.2105
3636.09	23.4737
3636.65	21.8421
3637.22	24.7895
3637.78	24.4737
3638.34	24.6316
3638.9	23.7895
3639.46	24.2105
3640.02	23.4737
3640.59	24.7368
3641.15	22.8947
3641.71	23.3684
3642.27	22.579
3642.83	24.8947
3643.39	24.1053
3643.95	24.3684
3644.51	26.2632
3645.07	24.9474
3645.64	25.6842
3646.2	26.0526
3646.76	23.2632
3647.32	24
3647.88	23.8421
3648.44	26
3649	25
3649.56	23.7368
3650.12	24.7895
3650.68	22.9474
3651.24	22.9474
3651.8	24.2105
3652.36	23.8947
3652.92	24.8421
3653.48	24.5263
3654.04	24.6316
3654.6	24.7895
3655.16	25.1053
3655.72	23.2632
3656.28	24.2632
3656.84	24.3158
3657.39	23.7368
3657.95	24.9474
3658.51	22.6842
3659.07	25.5263
3659.63	23.6316
3660.19	22.9474
3660.75	23.8947
3661.31	24.1053
3661.87	24.1579
3662.42	25.1579
3662.98	24.9474
3663.54	22.8421
3664.1	22.4211
3664.66	24.0526
3665.21	23
3665.77	24.1579
3666.33	23.4737
3666.89	24.0526
3667.45	25.4211
3668	26.5263
3668.56	24.7895
3669.12	25.3158
3669.68	24.0526
3670.24	23.6842
3670.79	22.0526
3671.35	25.1053
3671.91	25.3158
3672.46	25.7368
3673.02	23.6316
3673.58	23.9474
3674.14	23.4737
3674.69	23.1579
3675.25	25.5263
3675.81	24.8947
3676.36	24.6316
3676.92	23.3684
3677.47	23.9474
3678.03	24.2105
3678.59	25.4737
3679.14	23.1579
3679.7	24.1053
3680.26	23.3684
3680.81	24.7368
3681.37	23.5263
3681.92	25.6842
3682.48	24.8421
3683.04	25.7895
3683.59	25.4211
3684.15	25.2105
3684.7	23.8947
3685.26	22.8947
3685.81	24.5263
3686.37	24.0526
3686.92	25.3684
3687.48	24.4737
3688.03	22.9474
3688.59	24.6842
3689.14	25.1053
3689.7	23.5789
3690.25	25.8947
3690.81	26.1579
3691.36	24.0526
3691.92	23.2632
3692.47	25.3158
3693.03	24.9474
3693.58	24.5263
3694.13	24.6316
3694.69	25.2105
3695.24	23.1053
3695.8	24.3684
3696.35	23.8947
3696.9	26.1053
3697.46	25.4211
3698.01	24.6316
3698.57	23.9474
3699.12	24.0526
3699.67	24.7368
3700.23	23.6316
3700.78	22.4211
3701.33	24.0526
3701.89	24.4737
3702.44	24.3684
3702.99	23
3703.54	24.7368
3704.1	23.7895
3704.65	25.1579
3705.2	25.1053
3705.75	23.1579
3706.31	25
3706.86	23.4211
3707.41	24.9474
3707.97	24.2632
3708.52	24.2632
3709.07	24.2105
3709.62	24.5263
3710.17	23.9474
3710.73	24.9474
3711.28	25.2105
3711.83	25.1053
3712.38	25.2632
3712.93	24.5263
3713.48	24.8421
3714.04	24.4737
3714.59	24.2632
3715.14	24.8947
3715.69	24.4737
3716.24	27.3158
3716.79	24.9474
3717.34	24.4737
3717.89	24.3684
3718.45	25
3719	23.6316
3719.55	25.8947
3720.1	24.2632
3720.65	22.7368
3721.2	25.3684
3721.75	24.1579
3722.3	23.8421
3722.85	23.2105
3723.4	24.3684
3723.95	24.6842
3724.5	24.6316
3725.05	25.6842
3725.6	24.8947
3726.15	24.5263
3726.7	22.4211
3727.25	25.4737
3727.8	24
3728.35	23.7368
3728.9	25.6316
3729.45	25.5789
3730	26.2632
3730.55	25.3684
3731.1	23.6842
3731.65	25.3684
3732.19	24.2632
3732.74	23.3684
3733.29	24.6316
3733.84	25.1053
3734.39	24.5789
3734.94	26.4737
3735.49	23.8421
3736.04	23.1579
3736.58	22.0526
3737.13	26.1579
3737.68	25.5263
3738.23	25.6842
3738.78	23.5789
3739.32	26.3684
3739.87	27.1053
3740.42	27.0526
3740.97	24.4737
3741.52	25.8421
3742.06	23.2105
3742.61	24.7895
3743.16	25.8947
3743.71	26.4737
3744.25	24.4737
3744.8	24.2632
3745.35	23.5263
3745.9	23
3746.44	25
3746.99	23.7368
3747.54	24.3158
3748.08	25.2632
3748.63	24.9474
3749.18	23.1053
3749.72	22.5263
3750.27	25.5263
3750.82	24.8947
3751.36	22.8947
3751.91	23.3684
3752.46	23.2105
3753	24.1053
3753.55	23.6842
3754.1	25.1579
3754.64	24.7895
3755.19	24.4737
3755.73	24.0526
3756.28	25.0526
3756.82	25.3684
3757.37	25.7368
3757.92	23.1053
3758.46	25
3759.01	23.4211
3759.55	25.4211
3760.1	23.5263
3760.64	23.2632
3761.19	24.421
3761.73	25.4211
3762.28	23.2632
3762.82	26.2105
3763.37	24.5263
3763.91	23.5789
3764.46	24.7368
3765	25.1053
3765.55	25.3158
3766.09	23.9474
3766.63	23.5263
3767.18	24.5263
3767.72	25.1053
3768.27	24.1053
3768.81	24.3158
3769.36	23.8947
3769.9	26.6842
3770.44	24.6842
3770.99	24.1053
3771.53	23.9474
3772.07	22.6842
3772.62	23.4737
3773.16	24.0526
3773.7	25.5263
3774.25	24.1579
3774.79	25.1053
3775.33	25.6842
3775.88	25.2632
3776.42	25.3684
3776.96	24.3684
3777.51	24.9474
3778.05	24.2632
3778.59	26.2632
3779.14	23
3779.68	23.4211
3780.22	23.8947
3780.76	23.3684
3781.3	24
3781.85	24.7368
3782.39	26.4737
3782.93	22.8421
3783.47	22.5263
3784.01	23.2105
3784.56	24.1579
3785.1	23
3785.64	24.4737
3786.18	24.3158
3786.72	23.5789
3787.27	24.5789
3787.81	25.1579
3788.35	24.1579
3788.89	24.3684
3789.43	23.7368
3789.97	25.6316
3790.51	23.8947
3791.05	24.7368
3791.6	24.3158
3792.14	21.7368
3792.68	24.6316
3793.22	23.5789
3793.76	21.7895
3794.3	24.2105
3794.84	22.6316
3795.38	22.9474
3795.92	22.2632
3796.46	24.6316
3797	26.8421
3797.54	25.2632
3798.08	25.3158
3798.62	22.8947
3799.16	22.2105
3799.7	25.8947
3800.24	24.2632
3800.78	23.2632
3801.32	22.6316
3801.86	23.5263
3802.4	23.7368
3802.94	25.1053
3803.48	24.2632
3804.02	22.4211
3804.56	25.7368
3805.1	23.1053
3805.64	23.2632
3806.17	23.3158
3806.71	23.2632
3807.25	23.9474
3807.79	26.4737
3808.33	24.2105
3808.87	23.6316
3809.41	23.4211
3809.94	23.2105
3810.48	24.7368
3811.02	24.3158
3811.56	23.9474
3812.1	24.1579
3812.64	23.7895
3813.17	23.9474
3813.71	23.5789
3814.25	24.4211
3814.79	24.2632
3815.33	24.8421
3815.86	22.5789
3816.4	24.9474
3816.94	25.2105
3817.48	23.4211
3818.01	22.7895
3818.55	24.8421
3819.09	24.0526
3819.63	25.4211
3820.16	23.1053
3820.7	25.4737
3821.24	24.7368
3821.77	24.9474
3822.31	24.3684
3822.85	25.5263
3823.38	25.8947
3823.92	22.5789
3824.46	26.2632
3824.99	23.8947
3825.53	24.6316
3826.07	24
3826.6	26.8421
3827.14	23.3158
3827.67	22.9474
3828.21	23.7895
3828.75	25.2632
3829.28	25.2105
3829.82	23.6842
3830.35	25.1053
3830.89	24.5263
3831.42	23.9474
3831.96	24
3832.49	24.3158
3833.03	25
3833.57	25.3158
3834.1	24.4737
3834.64	23.8947
3835.17	23.2105
3835.71	23.2632
3836.24	25.2105
3836.78	23.2632
3837.31	23.7895
3837.85	24.4737
3838.38	23.7895
3838.91	25.6842
3839.45	23.5789
3839.98	25.7895
3840.52	23.5789
3841.05	24.1053
3841.59	24.4211
3842.12	23.4737
3842.65	22.4737
3843.19	24
3843.72	23.2632
3844.26	23.1579
3844.79	23.4737
3845.32	24.1053
3845.86	25.1053
3846.39	25.8947
3846.92	23.6316
3847.46	23.5789
3847.99	24.3158
3848.52	24
3849.06	24.5789
3849.59	25.3684
3850.12	24.7368
3850.66	24.7368
3851.19	24.2632
3851.72	22.7895
3852.25	25.0526
3852.79	24.2105
3853.32	22.8947
3853.85	25.6316
3854.38	25.1579
3854.92	23.5263
3855.45	22.1579
3855.98	23.7895
3856.51	25.1053
3857.04	25.2105
3857.58	24.1579
3858.11	23.4737
3858.64	24.3684
3859.17	23.7895
3859.7	23.2105
3860.23	23.6316
3860.77	24.5263
3861.3	23.4211
3861.83	26.7368
3862.36	22.9474
3862.89	23.0526
3863.42	24.7895
3863.95	23.5789
3864.49	25.1579
3865.02	24.3684
3865.55	22.2632
3866.08	22.8421
3866.61	23.6842
3867.14	23.3684
3867.67	22.3684
3868.2	24.3158
3868.73	26.1579
3869.26	23.1053
3869.79	23.6842
3870.32	22.5263
3870.85	24.9474
3871.38	24.2632
3871.91	23.5263
3872.44	23.7368
3872.97	23.5263
3873.5	26.1053
3874.03	24.4737
3874.56	24.7895
3875.09	23.5263
3875.62	23.6842
3876.15	25.4211
3876.68	23.8421
3877.21	24.3684
3877.74	22.4211
3878.27	22.4737
3878.8	23.4737
3879.32	24
3879.85	25.1579
3880.38	23.6316
3880.91	25.4211
3881.44	23.7368
3881.97	23.5789
3882.5	24.6842
3883.03	24.6842
3883.55	23.1053
3884.08	24.6842
3884.61	24.7368
3885.14	22.2105
3885.67	24.4737
3886.2	23.6316
3886.72	24.2105
3887.25	24.579
3887.78	23.6316
3888.31	24.8947
3888.83	23.8947
3889.36	24.3684
3889.89	24.3158
3890.42	23.7895
3890.94	27.1053
3891.47	24.0526
3892	24.3684
3892.53	23.7368
3893.05	23.5789
3893.58	23.4211
3894.11	23.7368
3894.64	25.3158
3895.16	24.6316
3895.69	24
3896.22	22.6316
3896.74	24.6316
3897.27	22.4211
3897.79	23.5789
3898.32	24.4737
3898.85	23.5789
3899.37	23.3684
3899.9	22.2632
3900.43	24.5263
3900.95	24.7895
3901.48	23.1053
3902	23.6316
3902.53	24.1579
3903.06	23.3158
3903.58	26.0526
3904.11	24.1579
3904.63	22.7368
3905.16	25.1053
3905.68	24.5789
3906.21	24.9474
3906.73	25.6842
3907.26	23.1053
3907.78	24
3908.31	24.1579
3908.83	23.6842
3909.36	24.3158
3909.88	24
3910.41	24.6316
3910.93	24
3911.46	24.8947
3911.98	23.0526
3912.51	23.8421
3913.03	23.8947
3913.55	23.3684
3914.08	24.2632
3914.6	24.0526
3915.13	23.6316
3915.65	24.4737
3916.18	24.2632
3916.7	22.8421
3917.22	25.3158
3917.75	24.7895
3918.27	23.7368
3918.79	24.6316
3919.32	26.2105
3919.84	26.2105
3920.36	23.6842
3920.89	22.7368
3921.41	22.8947
3921.93	24.0526
3922.46	22.7895
3922.98	24.2105
3923.5	26.2105
3924.03	24.4211
3924.55	23.6316
3925.07	24.1053
3925.59	22.3158
3926.12	23.4737
3926.64	23.3158
3927.16	24.2632
3927.68	24
3928.21	23.3684
3928.73	22.5789
3929.25	23.8947
3929.77	25.8947
3930.29	25.2105
3930.82	24.7368
3931.34	24.1053
3931.86	23.8421
3932.38	23.8421
3932.9	24.0526
3933.43	24
3933.95	24.8421
3934.47	24.1053
3934.99	23.8947
3935.51	24.3158
3936.03	24.4211
3936.55	23.6316
3937.08	24.6316
3937.6	24.8947
3938.12	23.6842
3938.64	24.5263
3939.16	24.5263
3939.68	24.0526
3940.2	23.9474
3940.72	23.4211
3941.24	23.7895
3941.76	22.6316
3942.28	23.1053
3942.8	23.8421
3943.32	25.3684
3943.84	24
3944.36	24.1053
3944.88	23.6842
3945.4	25.0526
3945.92	25.7895
3946.44	26
3946.96	23.6842
3947.48	25.0526
3948	23.8947
3948.52	25.7895
3949.04	24.6842
3949.56	24.5789
3950.08	24.5263
3950.6	24.8947
3951.12	23.6316
3951.64	22.8947
3952.16	24.4211
3952.67	24.1579
3953.19	24.4211
3953.71	23.9474
3954.23	21.7368
3954.75	25.5263
3955.27	24.4737
3955.79	25.6842
3956.3	23.0526
3956.82	22.7368
3957.34	24.3158
3957.86	24.0526
3958.38	23
3958.9	24
3959.41	24.4737
3959.93	24.2105
3960.45	24.2632
3960.97	23.8947
3961.49	23.3684
3962	22.6842
3962.52	23.1579
3963.04	24.7895
3963.56	21.2632
3964.07	23.3684
3964.59	23.6842
3965.11	22.7368
3965.62	25.1053
3966.14	23.3684
3966.66	24.2105
3967.18	24.6842
3967.69	23.6842
3968.21	22.8421
3968.73	23.2632
3969.24	23.6316
3969.76	23.7895
3970.28	24.0526
3970.79	23.3684
3971.31	23.9474
3971.82	24.1053
3972.34	23.3158
3972.86	23.2105
3973.37	23.6842
3973.89	24.5263
3974.41	24.0526
3974.92	23.8421
3975.44	24.4737
3975.95	24.3684
3976.47	24.6842
3976.98	25.3684
3977.5	23.8421
3978.02	25.0526
3978.53	24.2105
3979.05	23.2105
3979.56	24.4737
3980.08	25.2632
3980.59	24.6316
3981.11	23.2632
3981.62	22.8421
3982.14	24
3982.65	24.5789
3983.17	23.0526
3983.68	23.5789
3984.2	24.1579
3984.71	26.3158
3985.22	22.6842
3985.74	23.2105
3986.25	24.2105
3986.77	21.9474
3987.28	24
3987.8	22.5263
3988.31	24.2632
3988.82	23.1579
3989.34	23.5789
3989.85	22.6316
3990.37	23.8947
3990.88	25.3684
3991.39	21.9474
3991.91	22.9474
3992.42	26.7368
3992.93	22
3993.45	25.7895
3993.96	23.8947
3994.47	25.5263
3994.99	20.7368
3995.5	23.6842
3996.01	23.6842
3996.53	25.4737
3997.04	23.5789
3997.55	22.7368
3998.06	24.6316
3998.58	24.4737
3999.09	24.5789
3999.6	23.3684
