1.008229999999999933e+02 3.684580000000000268e+02
1.018439999999999941e+02 3.641519999999999868e+02
1.028670000000000044e+02 3.611700000000000159e+02
1.038889999999999958e+02 3.594580000000000268e+02
1.049120000000000061e+02 3.564409999999999741e+02
1.059339999999999975e+02 3.564239999999999782e+02
1.069549999999999983e+02 3.554069999999999823e+02
1.079779999999999944e+02 3.511859999999999786e+02
1.089980000000000047e+02 3.318639999999999759e+02
1.100210000000000008e+02 3.228809999999999718e+02
1.110409999999999968e+02 3.186440000000000055e+02
1.120610000000000070e+02 3.153389999999999986e+02
1.130829999999999984e+02 3.103050000000000068e+02
1.141029999999999944e+02 3.101190000000000282e+02
1.151250000000000000e+02 3.066949999999999932e+02
1.161440000000000055e+02 3.023729999999999905e+02
1.171640000000000015e+02 2.993389999999999986e+02
1.181850000000000023e+02 2.960509999999999877e+02
1.192049999999999983e+02 2.920169999999999959e+02
1.202240000000000038e+02 2.907629999999999768e+02
1.212429999999999950e+02 2.831190000000000282e+02
1.222639999999999958e+02 2.892200000000000273e+02
1.232819999999999965e+02 2.878480000000000132e+02
1.243010000000000019e+02 2.822370000000000232e+02
1.253199999999999932e+02 2.735930000000000177e+02
1.263379999999999939e+02 2.668299999999999841e+02
1.273580000000000041e+02 2.689150000000000205e+02
1.283760000000000048e+02 2.699150000000000205e+02
1.293950000000000102e+02 2.685249999999999773e+02
1.304130000000000109e+02 2.676270000000000095e+02
1.314300000000000068e+02 2.674239999999999782e+02
1.324480000000000075e+02 2.645249999999999773e+02
1.334660000000000082e+02 2.601530000000000200e+02
1.344830000000000041e+02 2.593559999999999945e+02
1.355000000000000000e+02 2.604409999999999741e+02
1.365180000000000007e+02 2.522369999999999948e+02
1.375349999999999966e+02 2.575590000000000259e+02
1.385509999999999877e+02 2.609490000000000123e+02
1.395670000000000073e+02 2.575760000000000218e+02
1.405829999999999984e+02 2.567289999999999850e+02
1.415999999999999943e+02 2.536779999999999973e+02
1.426160000000000139e+02 2.470850000000000080e+02
1.436330000000000098e+02 2.489149999999999920e+02
1.446490000000000009e+02 2.475929999999999893e+02
1.456630000000000109e+02 2.471020000000000039e+02
1.466790000000000020e+02 2.494579999999999984e+02
1.476949999999999932e+02 2.447969999999999970e+02
1.487090000000000032e+02 2.424410000000000025e+02
1.497239999999999895e+02 2.435929999999999893e+02
1.507400000000000091e+02 2.444070000000000107e+02
1.517529999999999859e+02 2.399149999999999920e+02
1.527680000000000007e+02 2.407460000000000093e+02
1.537829999999999870e+02 2.353389999999999986e+02
1.547969999999999970e+02 2.382030000000000030e+02
1.558110000000000070e+02 2.367290000000000134e+02
1.568240000000000123e+02 2.263899999999999864e+02
1.578389999999999986e+02 2.235420000000000016e+02
1.588520000000000039e+02 2.200850000000000080e+02
1.598660000000000139e+02 2.208470000000000084e+02
1.608779999999999859e+02 2.177119999999999891e+02
1.618919999999999959e+02 2.167969999999999970e+02
1.629039999999999964e+02 2.178640000000000043e+02
1.639159999999999968e+02 2.147290000000000134e+02
1.649300000000000068e+02 2.135759999999999934e+02
1.659420000000000073e+02 2.117460000000000093e+02
1.669540000000000077e+02 2.108470000000000084e+02
1.679670000000000130e+02 2.088309999999999889e+02
1.689780000000000086e+02 2.083559999999999945e+02
1.699890000000000043e+02 2.100339999999999918e+02
1.710020000000000095e+02 2.097969999999999970e+02
1.720130000000000052e+02 2.056610000000000014e+02
1.730240000000000009e+02 2.062030000000000030e+02
1.740349999999999966e+02 2.053050000000000068e+02
1.750459999999999923e+02 2.046100000000000136e+02
1.760560000000000116e+02 2.052199999999999989e+02
1.770670000000000073e+02 2.056270000000000095e+02
1.780780000000000030e+02 2.047460000000000093e+02
1.790889999999999986e+02 2.017630000000000052e+02
1.800989999999999895e+02 2.040339999999999918e+02
1.811090000000000089e+02 2.048470000000000084e+02
1.821179999999999950e+02 2.027119999999999891e+02
1.831279999999999859e+02 2.024749999999999943e+02
1.841370000000000005e+02 2.044919999999999902e+02
1.851469999999999914e+02 2.068139999999999930e+02
1.861560000000000059e+02 2.017119999999999891e+02
1.871639999999999873e+02 2.068640000000000043e+02
1.881730000000000018e+02 2.066100000000000136e+02
1.891819999999999879e+02 2.031699999999999875e+02
1.901899999999999977e+02 2.030509999999999877e+02
1.911990000000000123e+02 2.035420000000000016e+02
1.922069999999999936e+02 2.035420000000000016e+02
1.932139999999999986e+02 2.082369999999999948e+02
1.942220000000000084e+02 2.100000000000000000e+02
1.952299999999999898e+02 2.076100000000000136e+02
1.962379999999999995e+02 2.066270000000000095e+02
1.972450000000000045e+02 2.072030000000000030e+02
1.982520000000000095e+02 2.088810000000000002e+02
1.992599999999999909e+02 2.060169999999999959e+02
2.002659999999999911e+02 2.080680000000000121e+02
2.012729999999999961e+02 2.117460000000000093e+02
2.022789999999999964e+02 2.103220000000000027e+02
2.032860000000000014e+02 2.116779999999999973e+02
2.042930000000000064e+02 2.133389999999999986e+02
2.052980000000000018e+02 2.148979999999999961e+02
2.063050000000000068e+02 2.170850000000000080e+02
2.073100000000000023e+02 2.141529999999999916e+02
2.083160000000000025e+02 2.221359999999999957e+02
2.093209999999999980e+02 2.183050000000000068e+02
2.103259999999999934e+02 2.235250000000000057e+02
2.113319999999999936e+02 2.219319999999999879e+02
2.123360000000000127e+02 2.245250000000000057e+02
2.133420000000000130e+02 2.276100000000000136e+02
2.143460000000000036e+02 2.300850000000000080e+02
2.153499999999999943e+02 2.289319999999999879e+02
2.163540000000000134e+02 2.380850000000000080e+02
2.173590000000000089e+02 2.407630000000000052e+02
2.183629999999999995e+02 2.444749999999999943e+02
2.193660000000000139e+02 2.512030000000000030e+02
2.203689999999999998e+02 2.547800000000000011e+02
2.213739999999999952e+02 2.551359999999999957e+02
2.223770000000000095e+02 2.651190000000000282e+02
2.233799999999999955e+02 2.738469999999999800e+02
2.243830000000000098e+02 2.873220000000000027e+02
2.253859999999999957e+02 3.036949999999999932e+02
2.263880000000000052e+02 3.252880000000000109e+02
2.273909999999999911e+02 3.351190000000000282e+02
2.283930000000000007e+02 3.340679999999999836e+02
2.293950000000000102e+02 3.409150000000000205e+02
2.303969999999999914e+02 3.367119999999999891e+02
2.313990000000000009e+02 3.401519999999999868e+02
2.324010000000000105e+02 3.365930000000000177e+02
2.334029999999999916e+02 3.435590000000000259e+02
2.344039999999999964e+02 3.431190000000000282e+02
2.354060000000000059e+02 3.438469999999999800e+02
2.364070000000000107e+02 3.428639999999999759e+02
2.374079999999999870e+02 3.513050000000000068e+02
2.384089999999999918e+02 3.491530000000000200e+02
2.394079999999999870e+02 3.487629999999999768e+02
2.404089999999999918e+02 3.538639999999999759e+02
2.414099999999999966e+02 3.511019999999999754e+02
2.424099999999999966e+02 3.510339999999999918e+02
2.434089999999999918e+02 3.542029999999999745e+02
2.444099999999999966e+02 3.582370000000000232e+02
2.454099999999999966e+02 3.640339999999999918e+02
2.464079999999999870e+02 3.639830000000000041e+02
2.474079999999999870e+02 3.669660000000000082e+02
2.484079999999999870e+02 3.693729999999999905e+02
2.494060000000000059e+02 3.701019999999999754e+02
2.504050000000000011e+02 3.705760000000000218e+02
2.514029999999999916e+02 3.767459999999999809e+02
2.524029999999999916e+02 3.745079999999999814e+02
2.534000000000000057e+02 3.803559999999999945e+02
2.543990000000000009e+02 3.854739999999999895e+02
2.553969999999999914e+02 3.847119999999999891e+02
2.563949999999999818e+02 3.873559999999999945e+02
2.573919999999999959e+02 3.967970000000000255e+02
2.583890000000000100e+02 3.935419999999999732e+02
2.593879999999999768e+02 3.951519999999999868e+02
2.603840000000000146e+02 4.007629999999999768e+02
2.613820000000000050e+02 4.044920000000000186e+02
2.623790000000000191e+02 4.090169999999999959e+02
2.633750000000000000e+02 4.088469999999999800e+02
2.643720000000000141e+02 4.162029999999999745e+02
2.653690000000000282e+02 4.164409999999999741e+02
2.663650000000000091e+02 4.189830000000000041e+02
2.673609999999999900e+02 4.242029999999999745e+02
2.683570000000000277e+02 4.311859999999999786e+02
2.693519999999999754e+02 4.287289999999999850e+02
2.703489999999999895e+02 4.374580000000000268e+02
2.713439999999999941e+02 4.354920000000000186e+02
2.723399999999999750e+02 4.406949999999999932e+02
2.733349999999999795e+02 4.445079999999999814e+02
2.743299999999999841e+02 4.510849999999999795e+02
2.753240000000000123e+02 4.540509999999999877e+02
2.763190000000000168e+02 4.658639999999999759e+02
2.773140000000000214e+02 4.697289999999999850e+02
2.783079999999999927e+02 4.717970000000000255e+02
2.793020000000000209e+02 4.787799999999999727e+02
2.802970000000000255e+02 4.855419999999999732e+02
2.812909999999999968e+02 4.887970000000000255e+02
2.822850000000000250e+02 4.976949999999999932e+02
2.832769999999999868e+02 5.017459999999999809e+02
2.842710000000000150e+02 5.109150000000000205e+02
2.852640000000000100e+02 5.190850000000000364e+02
2.862570000000000050e+02 5.258819999999999482e+02
2.872509999999999764e+02 5.321699999999999591e+02
2.882420000000000186e+02 5.487459999999999809e+02
2.892350000000000136e+02 5.568139999999999645e+02
2.902280000000000086e+02 5.670000000000000000e+02
2.912200000000000273e+02 5.844919999999999618e+02
2.922119999999999891e+02 6.009489999999999554e+02
2.932049999999999841e+02 6.173390000000000555e+02
2.941960000000000264e+02 6.330510000000000446e+02
2.951879999999999882e+02 6.639660000000000082e+02
2.961800000000000068e+02 6.897119999999999891e+02
2.971709999999999923e+02 7.166950000000000500e+02
2.981630000000000109e+02 7.584750000000000227e+02
2.991530000000000200e+02 8.143049999999999500e+02
3.001449999999999818e+02 8.928809999999999718e+02
3.011349999999999909e+02 9.834410000000000309e+02
3.021250000000000000e+02 1.021049999999999955e+03
3.031159999999999854e+02 1.025660000000000082e+03
3.041050000000000182e+02 1.014980000000000018e+03
3.050960000000000036e+02 9.870679999999999836e+02
3.060860000000000127e+02 9.316609999999999445e+02
3.070749999999999886e+02 8.517119999999999891e+02
3.080659999999999741e+02 7.925420000000000300e+02
3.090550000000000068e+02 7.486779999999999973e+02
3.100439999999999827e+02 7.127119999999999891e+02
3.110339999999999918e+02 6.958809999999999718e+02
3.120230000000000246e+02 6.601019999999999754e+02
3.130110000000000241e+02 6.445760000000000218e+02
3.140000000000000000e+02 6.202880000000000109e+02
3.149879999999999995e+02 6.038640000000000327e+02
3.159759999999999991e+02 5.897290000000000418e+02
3.169649999999999750e+02 5.767290000000000418e+02
3.179529999999999745e+02 5.621530000000000200e+02
3.189409999999999741e+02 5.536440000000000055e+02
3.199289999999999736e+02 5.355929999999999609e+02
3.209159999999999968e+02 5.251530000000000200e+02
3.219039999999999964e+02 5.119830000000000041e+02
3.228910000000000196e+02 5.088639999999999759e+02
3.238779999999999859e+02 5.030000000000000000e+02
3.248650000000000091e+02 4.846779999999999973e+02
3.258519999999999754e+02 4.788980000000000246e+02
3.268369999999999891e+02 4.713899999999999864e+02
3.278240000000000123e+02 4.668140000000000214e+02
3.288100000000000023e+02 4.601530000000000200e+02
3.297970000000000255e+02 4.528639999999999759e+02
3.307830000000000155e+02 4.521689999999999827e+02
3.317690000000000055e+02 4.452370000000000232e+02
3.327540000000000191e+02 4.355249999999999773e+02
3.337400000000000091e+02 4.293050000000000068e+02
3.347250000000000227e+02 4.258310000000000173e+02
3.357110000000000127e+02 4.224920000000000186e+02
3.366949999999999932e+02 4.178980000000000246e+02
3.376800000000000068e+02 4.083389999999999986e+02
3.386659999999999968e+02 4.065249999999999773e+02
3.396490000000000009e+02 4.014069999999999823e+02
3.406340000000000146e+02 3.983899999999999864e+02
3.416179999999999950e+02 3.928809999999999718e+02
3.426019999999999754e+02 3.865249999999999773e+02
3.435860000000000127e+02 3.912029999999999745e+02
3.445699999999999932e+02 3.842200000000000273e+02
3.455529999999999973e+02 3.838639999999999759e+02
3.465369999999999777e+02 3.740000000000000000e+02
3.475199999999999818e+02 3.710849999999999795e+02
3.485040000000000191e+02 3.667629999999999768e+02
3.494859999999999900e+02 3.667459999999999809e+02
3.504689999999999941e+02 3.653559999999999945e+02
3.514519999999999982e+02 3.583559999999999945e+02
3.524340000000000259e+02 3.597629999999999768e+02
3.534159999999999968e+02 3.558310000000000173e+02
3.543990000000000009e+02 3.510679999999999836e+02
3.553809999999999718e+02 3.498140000000000214e+02
3.563629999999999995e+02 3.478980000000000246e+02
3.573439999999999941e+02 3.451859999999999786e+02
3.583269999999999982e+02 3.456100000000000136e+02
3.593079999999999927e+02 3.402029999999999745e+02
3.602889999999999873e+02 3.411360000000000241e+02
3.612699999999999818e+02 3.372540000000000191e+02
3.622509999999999764e+02 3.349660000000000082e+02
3.632309999999999945e+02 3.334750000000000227e+02
3.642119999999999891e+02 3.284239999999999782e+02
3.651920000000000073e+02 3.292540000000000191e+02
3.661730000000000018e+02 3.275590000000000259e+02
3.671530000000000200e+02 3.233559999999999945e+02
3.681329999999999814e+02 3.205760000000000218e+02
3.691129999999999995e+02 3.231019999999999754e+02
3.700930000000000177e+02 3.194409999999999741e+02
3.710720000000000027e+02 3.180849999999999795e+02
3.720520000000000209e+02 3.166270000000000095e+02
3.730310000000000059e+02 3.157629999999999768e+02
3.740110000000000241e+02 3.091859999999999786e+02
3.749879999999999995e+02 3.142370000000000232e+02
3.759669999999999845e+02 3.128639999999999759e+02
3.769460000000000264e+02 3.122370000000000232e+02
3.779250000000000114e+02 3.027970000000000255e+02
3.789019999999999868e+02 3.084239999999999782e+02
3.798809999999999718e+02 3.058639999999999759e+02
3.808589999999999804e+02 3.073559999999999945e+02
3.818360000000000127e+02 2.994920000000000186e+02
3.828140000000000214e+02 2.986100000000000136e+02
3.837919999999999732e+02 2.965079999999999814e+02
3.847690000000000055e+02 2.965419999999999732e+02
3.857470000000000141e+02 2.933220000000000027e+02
3.867230000000000132e+02 2.921859999999999786e+02
3.877010000000000218e+02 2.908809999999999718e+02
3.886770000000000209e+02 2.914239999999999782e+02
3.896539999999999964e+02 2.880169999999999959e+02
3.906299999999999955e+02 2.859830000000000041e+02
3.916070000000000277e+02 2.865249999999999773e+02
3.925819999999999936e+02 2.822540000000000191e+02
3.935590000000000259e+02 2.828310000000000173e+02
3.945339999999999918e+02 2.812710000000000150e+02
3.955090000000000146e+02 2.792710000000000150e+02
3.964859999999999900e+02 2.767289999999999850e+02
3.974610000000000127e+02 2.816610000000000014e+02
3.984350000000000023e+02 2.794920000000000186e+02
3.994100000000000250e+02 2.766100000000000136e+02
4.003860000000000241e+02 2.739490000000000123e+02
4.013600000000000136e+02 2.737119999999999891e+02
4.023349999999999795e+02 2.753389999999999986e+02
4.033090000000000259e+02 2.750339999999999918e+02
4.042830000000000155e+02 2.721360000000000241e+02
4.052570000000000050e+02 2.691019999999999754e+02
4.062320000000000277e+02 2.717629999999999768e+02
4.072060000000000173e+02 2.715930000000000177e+02
4.081789999999999736e+02 2.694409999999999741e+02
4.091519999999999868e+02 2.676949999999999932e+02
4.101259999999999764e+02 2.718809999999999718e+02
4.110989999999999895e+02 2.665930000000000177e+02
4.120720000000000027e+02 2.678980000000000246e+02
4.130450000000000159e+02 2.647629999999999768e+02
4.140179999999999723e+02 2.683220000000000027e+02
4.149889999999999759e+02 2.702370000000000232e+02
4.159610000000000127e+02 2.702029999999999745e+02
4.169340000000000259e+02 2.700339999999999918e+02
4.179060000000000059e+02 2.672029999999999745e+02
4.188779999999999859e+02 2.675760000000000218e+02
4.198500000000000227e+02 2.675760000000000218e+02
4.208210000000000264e+02 2.696610000000000014e+02
4.217930000000000064e+02 2.706440000000000055e+02
4.227640000000000100e+02 2.753389999999999986e+02
4.237339999999999804e+02 2.753050000000000068e+02
4.247060000000000173e+02 2.753559999999999945e+02
4.256770000000000209e+02 2.803220000000000027e+02
4.266469999999999914e+02 2.785930000000000177e+02
4.276179999999999950e+02 2.818809999999999718e+02
4.285889999999999986e+02 2.833729999999999905e+02
4.295579999999999927e+02 2.878980000000000246e+02
4.305289999999999964e+02 2.895590000000000259e+02
4.314979999999999905e+02 2.884239999999999782e+02
4.324689999999999941e+02 2.894409999999999741e+02
4.334370000000000118e+02 2.934750000000000227e+02
4.344080000000000155e+02 2.937629999999999768e+02
4.353759999999999764e+02 2.950849999999999795e+02
4.363450000000000273e+02 2.919830000000000041e+02
4.373149999999999977e+02 2.845760000000000218e+02
4.382830000000000155e+02 2.778980000000000246e+02
4.392509999999999764e+02 2.650849999999999795e+02
4.402200000000000273e+02 2.526270000000000095e+02
4.411879999999999882e+02 2.467969999999999970e+02
4.421560000000000059e+02 2.402369999999999948e+02
4.431240000000000236e+02 2.383389999999999986e+02
4.440930000000000177e+02 2.311860000000000070e+02
4.450600000000000023e+02 2.189490000000000123e+02
4.460280000000000200e+02 2.152539999999999907e+02
4.469950000000000045e+02 2.126779999999999973e+02
4.479619999999999891e+02 2.052539999999999907e+02
4.489289999999999736e+02 2.034070000000000107e+02
4.498969999999999914e+02 1.949660000000000082e+02
4.508639999999999759e+02 1.907460000000000093e+02
4.518299999999999841e+02 1.840000000000000000e+02
4.527970000000000255e+02 1.812880000000000109e+02
4.537629999999999768e+02 1.741020000000000039e+02
4.547289999999999850e+02 1.652199999999999989e+02
4.556940000000000168e+02 1.566610000000000014e+02
4.566600000000000250e+02 1.444919999999999902e+02
4.576259999999999764e+02 1.328810000000000002e+02
4.585910000000000082e+02 1.216440000000000055e+02
4.595570000000000164e+02 1.197459999999999951e+02
4.605219999999999914e+02 1.203220000000000027e+02
4.614879999999999995e+02 1.218979999999999961e+02
4.624519999999999982e+02 1.262199999999999989e+02
4.634169999999999732e+02 1.267120000000000033e+02
4.643820000000000050e+02 1.327630000000000052e+02
4.653469999999999800e+02 1.365759999999999934e+02
4.663100000000000023e+02 1.382199999999999989e+02
4.672749999999999773e+02 1.416610000000000014e+02
4.682389999999999759e+02 1.427800000000000011e+02
4.692019999999999982e+02 1.478139999999999930e+02
4.701659999999999968e+02 1.495089999999999861e+02
4.711290000000000191e+02 1.507969999999999970e+02
4.720930000000000177e+02 1.533559999999999945e+02
4.730550000000000068e+02 1.556949999999999932e+02
4.740190000000000055e+02 1.565759999999999934e+02
4.749809999999999945e+02 1.601690000000000111e+02
4.759449999999999932e+02 1.674240000000000066e+02
4.769069999999999823e+02 1.688139999999999930e+02
4.778700000000000045e+02 1.724410000000000025e+02
4.788319999999999936e+02 1.749830000000000041e+02
4.797950000000000159e+02 1.794410000000000025e+02
4.807570000000000050e+02 1.870850000000000080e+02
4.817180000000000177e+02 1.931359999999999957e+02
4.826789999999999736e+02 1.964749999999999943e+02
4.836419999999999959e+02 2.031020000000000039e+02
4.846030000000000086e+02 2.059319999999999879e+02
4.855640000000000214e+02 2.146610000000000014e+02
4.865240000000000009e+02 2.222030000000000030e+02
4.874859999999999900e+02 2.265420000000000016e+02
4.884470000000000027e+02 2.363389999999999986e+02
4.894069999999999823e+02 2.451690000000000111e+02
4.903679999999999950e+02 2.504070000000000107e+02
4.913279999999999745e+02 2.607459999999999809e+02
4.922880000000000109e+02 2.711859999999999786e+02
4.932479999999999905e+02 2.801519999999999868e+02
4.942080000000000268e+02 2.929320000000000164e+02
4.951669999999999732e+02 3.031689999999999827e+02
4.961270000000000095e+02 3.122200000000000273e+02
4.970860000000000127e+02 3.331019999999999754e+02
4.980459999999999923e+02 3.508310000000000173e+02
4.990049999999999955e+02 3.673729999999999905e+02
4.999639999999999986e+02 3.915419999999999732e+02
5.009230000000000018e+02 4.196100000000000136e+02
5.018820000000000050e+02 4.563559999999999945e+02
5.028389999999999986e+02 4.911019999999999754e+02
5.037980000000000018e+02 5.330170000000000528e+02
5.047559999999999718e+02 5.893049999999999500e+02
5.057149999999999750e+02 6.433049999999999500e+02
5.066709999999999923e+02 7.218310000000000173e+02
5.076299999999999955e+02 8.100510000000000446e+02
5.085880000000000223e+02 9.290850000000000364e+02
5.095439999999999827e+02 1.066410000000000082e+03
5.105020000000000095e+02 1.254200000000000045e+03
5.114590000000000032e+02 1.497609999999999900e+03
5.124160000000000537e+02 1.822220000000000027e+03
5.133730000000000473e+02 2.284019999999999982e+03
5.143289999999999509e+02 2.906139999999999873e+03
5.152859999999999445e+02 3.834880000000000109e+03
5.162419999999999618e+02 5.350640000000000327e+03
5.171979999999999791e+02 7.986859999999999673e+03
5.181539999999999964e+02 1.282670000000000073e+04
5.191109999999999900e+02 2.160800000000000000e+04
5.200660000000000309e+02 3.470640000000000146e+04
5.210209999999999582e+02 4.600419999999999709e+04
5.219769999999999754e+02 4.491569999999999709e+04
5.229320000000000164e+02 3.248429999999999927e+04
5.238869999999999436e+02 1.995959999999999854e+04
5.248429999999999609e+02 1.212429999999999927e+04
5.257970000000000255e+02 7.843100000000000364e+03
5.267509999999999764e+02 5.468659999999999854e+03
5.277050000000000409e+02 4.048539999999999964e+03
5.286609999999999445e+02 3.134880000000000109e+03
5.296150000000000091e+02 2.520860000000000127e+03
5.305689999999999600e+02 2.105630000000000109e+03
5.315220000000000482e+02 1.797269999999999982e+03
5.324759999999999991e+02 1.560970000000000027e+03
5.334299999999999500e+02 1.377079999999999927e+03
5.343830000000000382e+02 1.231319999999999936e+03
5.353360000000000127e+02 1.115859999999999900e+03
5.362889999999999873e+02 1.012779999999999973e+03
5.372419999999999618e+02 9.247630000000000337e+02
5.381950000000000500e+02 8.452029999999999745e+02
5.391480000000000246e+02 7.909489999999999554e+02
5.401000000000000227e+02 7.316609999999999445e+02
5.410529999999999973e+02 6.749489999999999554e+02
5.420049999999999955e+02 6.354239999999999782e+02
5.429560000000000173e+02 5.963390000000000555e+02
5.439080000000000155e+02 5.606269999999999527e+02
5.448600000000000136e+02 5.328479999999999563e+02
5.458120000000000118e+02 5.031689999999999827e+02
5.467640000000000100e+02 4.789490000000000123e+02
5.477140000000000555e+02 4.493729999999999905e+02
5.486660000000000537e+02 4.309150000000000205e+02
5.496169999999999618e+02 4.088469999999999800e+02
5.505670000000000073e+02 3.916100000000000136e+02
5.515190000000000055e+02 3.736100000000000136e+02
5.524700000000000273e+02 3.581019999999999754e+02
5.534189999999999827e+02 3.431859999999999786e+02
5.543700000000000045e+02 3.266100000000000136e+02
5.553189999999999600e+02 3.131019999999999754e+02
5.562699999999999818e+02 3.045419999999999732e+02
5.572190000000000509e+02 2.887799999999999727e+02
5.581699999999999591e+02 2.796610000000000014e+02
5.591180000000000518e+02 2.712200000000000273e+02
5.600670000000000073e+02 2.641360000000000241e+02
5.610170000000000528e+02 2.571360000000000241e+02
5.619660000000000082e+02 2.496949999999999932e+02
5.629149999999999636e+02 2.432030000000000030e+02
5.638640000000000327e+02 2.367800000000000011e+02
5.648120000000000118e+02 2.347119999999999891e+02
5.657599999999999909e+02 2.260680000000000121e+02
5.667089999999999463e+02 2.244070000000000107e+02
5.676570000000000391e+02 2.180680000000000121e+02
5.686050000000000182e+02 2.097290000000000134e+02
5.695520000000000209e+02 2.059490000000000123e+02
5.705000000000000000e+02 2.009660000000000082e+02
5.714479999999999791e+02 1.955080000000000098e+02
5.723959999999999582e+02 1.927460000000000093e+02
5.733429999999999609e+02 1.851860000000000070e+02
5.742899999999999636e+02 1.835250000000000057e+02
5.752369999999999663e+02 1.766949999999999932e+02
5.761829999999999927e+02 1.772369999999999948e+02
5.771299999999999955e+02 1.760169999999999959e+02
5.780760000000000218e+02 1.699319999999999879e+02
5.790230000000000246e+02 1.697119999999999891e+02
5.799690000000000509e+02 1.671860000000000070e+02
5.809139999999999873e+02 1.636100000000000136e+02
5.818600000000000136e+02 1.662709999999999866e+02
5.828060000000000400e+02 1.657969999999999970e+02
5.837509999999999764e+02 1.640680000000000121e+02
5.846970000000000027e+02 1.622369999999999948e+02
5.856430000000000291e+02 1.622030000000000030e+02
5.865869999999999891e+02 1.611690000000000111e+02
5.875320000000000391e+02 1.620000000000000000e+02
5.884769999999999754e+02 1.575929999999999893e+02
5.894210000000000491e+02 1.567800000000000011e+02
5.903659999999999854e+02 1.576100000000000136e+02
5.913110000000000355e+02 1.554240000000000066e+02
5.922540000000000191e+02 1.576949999999999932e+02
5.931989999999999554e+02 1.577460000000000093e+02
5.941420000000000528e+02 1.598640000000000043e+02
5.950860000000000127e+02 1.594579999999999984e+02
5.960289999999999964e+02 1.582539999999999907e+02
5.969729999999999563e+02 1.590509999999999877e+02
5.979160000000000537e+02 1.625929999999999893e+02
5.988590000000000373e+02 1.630169999999999959e+02
5.998020000000000209e+02 1.645589999999999975e+02
6.007459999999999809e+02 1.661020000000000039e+02
6.016879999999999882e+02 1.677630000000000052e+02
6.026299999999999955e+02 1.677460000000000093e+02
6.035729999999999791e+02 1.692880000000000109e+02
6.045149999999999864e+02 1.711020000000000039e+02
6.054569999999999936e+02 1.752369999999999948e+02
6.063980000000000246e+02 1.753050000000000068e+02
6.073410000000000082e+02 1.771860000000000070e+02
6.082820000000000391e+02 1.791529999999999916e+02
6.092240000000000464e+02 1.821359999999999957e+02
6.101649999999999636e+02 1.882880000000000109e+02
6.111059999999999945e+02 1.902880000000000109e+02
6.120460000000000491e+02 1.920339999999999918e+02
6.129869999999999663e+02 1.977800000000000011e+02
6.139289999999999736e+02 2.042709999999999866e+02
6.148700000000000045e+02 2.052539999999999907e+02
6.158099999999999454e+02 2.136100000000000136e+02
6.167500000000000000e+02 2.177800000000000011e+02
6.176910000000000309e+02 2.221690000000000111e+02
6.186290000000000191e+02 2.259660000000000082e+02
6.195689999999999600e+02 2.294579999999999984e+02
6.205090000000000146e+02 2.293050000000000068e+02
6.214489999999999554e+02 2.283389999999999986e+02
6.223880000000000337e+02 2.308309999999999889e+02
6.233279999999999745e+02 2.320169999999999959e+02
6.242670000000000528e+02 2.245080000000000098e+02
6.252050000000000409e+02 2.245250000000000057e+02
6.261440000000000055e+02 2.160509999999999877e+02
6.270829999999999700e+02 2.130169999999999959e+02
6.280209999999999582e+02 2.076949999999999932e+02
6.289589999999999463e+02 2.037290000000000134e+02
6.298980000000000246e+02 2.013559999999999945e+02
6.308350000000000364e+02 1.957630000000000052e+02
6.317730000000000246e+02 1.949830000000000041e+02
6.327119999999999891e+02 1.921020000000000039e+02
6.336490000000000009e+02 1.892030000000000030e+02
6.345869999999999891e+02 1.869149999999999920e+02
6.355230000000000246e+02 1.895759999999999934e+02
6.364610000000000127e+02 1.891529999999999916e+02
6.373970000000000482e+02 1.862539999999999907e+02
6.383350000000000364e+02 1.841189999999999998e+02
6.392709999999999582e+02 1.859149999999999920e+02
6.402069999999999936e+02 1.853559999999999945e+02
6.411440000000000055e+02 1.846610000000000014e+02
6.420800000000000409e+02 1.848139999999999930e+02
6.430159999999999627e+02 1.836440000000000055e+02
6.439529999999999745e+02 1.808810000000000002e+02
6.448880000000000337e+02 1.837119999999999891e+02
6.458229999999999791e+02 1.781690000000000111e+02
6.467580000000000382e+02 1.802709999999999866e+02
6.476929999999999836e+02 1.809149999999999920e+02
6.486299999999999955e+02 1.810509999999999877e+02
6.495650000000000546e+02 1.809319999999999879e+02
6.504990000000000236e+02 1.807969999999999970e+02
6.514339999999999691e+02 1.800850000000000080e+02
6.523680000000000518e+02 1.805929999999999893e+02
6.533029999999999973e+02 1.807630000000000052e+02
6.542369999999999663e+02 1.810850000000000080e+02
6.551710000000000491e+02 1.833729999999999905e+02
6.561050000000000182e+02 1.823899999999999864e+02
6.570389999999999873e+02 1.828309999999999889e+02
6.579729999999999563e+02 1.840000000000000000e+02
6.589059999999999491e+02 1.860169999999999959e+02
6.598400000000000318e+02 1.857119999999999891e+02
6.607730000000000246e+02 1.889660000000000082e+02
6.617050000000000409e+02 1.885420000000000016e+02
6.626390000000000100e+02 1.889149999999999920e+02
6.635720000000000027e+02 1.900509999999999877e+02
6.645049999999999955e+02 1.926779999999999973e+02
6.654360000000000355e+02 1.952880000000000109e+02
6.663690000000000282e+02 1.946100000000000136e+02
6.673020000000000209e+02 1.964579999999999984e+02
6.682329999999999472e+02 1.953899999999999864e+02
6.691649999999999636e+02 1.967969999999999970e+02
6.700969999999999800e+02 1.972709999999999866e+02
6.710280000000000200e+02 1.975420000000000016e+02
6.719600000000000364e+02 1.940850000000000080e+02
6.728909999999999627e+02 1.983899999999999864e+02
6.738229999999999791e+02 1.952880000000000109e+02
6.747530000000000427e+02 1.881860000000000070e+02
6.756849999999999454e+02 1.871189999999999998e+02
6.766150000000000091e+02 1.861699999999999875e+02
6.775460000000000491e+02 1.855589999999999975e+02
6.784759999999999991e+02 1.817460000000000093e+02
6.794059999999999491e+02 1.768309999999999889e+02
6.803369999999999891e+02 1.738470000000000084e+02
6.812659999999999627e+02 1.685080000000000098e+02
6.821950000000000500e+02 1.652369999999999948e+02
6.831259999999999764e+02 1.657290000000000134e+02
6.840549999999999500e+02 1.585420000000000016e+02
6.849840000000000373e+02 1.591359999999999957e+02
6.859130000000000109e+02 1.553899999999999864e+02
6.868419999999999845e+02 1.550680000000000121e+02
6.877720000000000482e+02 1.538309999999999889e+02
6.887010000000000218e+02 1.502199999999999989e+02
6.896290000000000191e+02 1.492030000000000030e+02
6.905579999999999927e+02 1.464410000000000025e+02
6.914859999999999900e+02 1.437290000000000134e+02
6.924139999999999873e+02 1.399319999999999879e+02
6.933419999999999845e+02 1.376270000000000095e+02
6.942699999999999818e+02 1.333050000000000068e+02
6.951979999999999791e+02 1.291690000000000111e+02
6.961259999999999764e+02 1.314070000000000107e+02
6.970529999999999973e+02 1.262710000000000008e+02
6.979790000000000418e+02 1.259489999999999981e+02
6.989070000000000391e+02 1.236099999999999994e+02
6.998339999999999463e+02 1.210000000000000000e+02
7.007609999999999673e+02 1.199489999999999981e+02
7.016879999999999882e+02 1.185250000000000057e+02
7.026140000000000327e+02 1.150340000000000060e+02
7.035399999999999636e+02 1.158310000000000031e+02
7.044669999999999845e+02 1.140000000000000000e+02
7.053930000000000291e+02 1.111020000000000039e+02
7.063189999999999600e+02 1.094579999999999984e+02
7.072450000000000045e+02 1.092540000000000049e+02
7.081699999999999591e+02 1.092030000000000030e+02
7.090960000000000036e+02 1.062030000000000030e+02
7.100220000000000482e+02 1.050679999999999978e+02
7.109460000000000264e+02 1.048979999999999961e+02
7.118719999999999573e+02 1.044920000000000044e+02
7.127960000000000491e+02 1.045930000000000035e+02
7.137200000000000273e+02 1.029659999999999940e+02
7.146459999999999582e+02 1.036099999999999994e+02
7.155700000000000500e+02 1.011530000000000058e+02
7.164950000000000045e+02 1.020679999999999978e+02
7.174189999999999827e+02 1.024410000000000025e+02
7.183419999999999845e+02 9.976269999999999527e+01
7.192670000000000528e+02 1.022030000000000030e+02
7.201900000000000546e+02 9.984749999999999659e+01
7.211140000000000327e+02 1.011700000000000017e+02
7.220370000000000346e+02 1.000510000000000019e+02
7.229610000000000127e+02 9.876269999999999527e+01
7.238840000000000146e+02 1.001530000000000058e+02
7.248070000000000164e+02 9.813559999999999661e+01
7.257290000000000418e+02 9.950849999999999795e+01
7.266520000000000437e+02 1.009150000000000063e+02
7.275750000000000455e+02 9.859319999999999595e+01
7.284969999999999573e+02 9.616949999999999932e+01
7.294189999999999827e+02 1.001860000000000070e+02
7.303410000000000082e+02 9.747459999999999525e+01
7.312630000000000337e+02 9.932200000000000273e+01
7.321849999999999454e+02 1.001689999999999969e+02
7.331069999999999709e+02 9.861020000000000607e+01
7.340280000000000200e+02 9.879659999999999798e+01
7.349500000000000455e+02 9.811860000000000070e+01
7.358709999999999809e+02 9.925419999999999732e+01
7.367930000000000064e+02 1.008469999999999942e+02
7.377140000000000555e+02 9.828820000000000334e+01
7.386340000000000146e+02 9.971189999999999998e+01
7.395549999999999500e+02 9.833899999999999864e+01
7.404759999999999991e+02 1.004920000000000044e+02
7.413959999999999582e+02 9.766100000000000136e+01
7.423150000000000546e+02 9.927119999999999322e+01
7.432359999999999900e+02 9.916949999999999932e+01
7.441559999999999491e+02 1.007459999999999951e+02
7.450750000000000455e+02 9.915250000000000341e+01
7.459959999999999809e+02 9.964409999999999457e+01
7.469139999999999873e+02 9.981359999999999388e+01
7.478339999999999463e+02 9.964409999999999457e+01
7.487530000000000427e+02 1.019659999999999940e+02
7.496720000000000255e+02 1.006269999999999953e+02
7.505910000000000082e+02 1.009150000000000063e+02
7.515099999999999909e+02 1.040679999999999978e+02
7.524279999999999973e+02 1.021700000000000017e+02
7.533460000000000036e+02 1.053900000000000006e+02
7.542649999999999864e+02 1.066949999999999932e+02
7.551829999999999927e+02 1.067120000000000033e+02
7.561009999999999991e+02 1.101020000000000039e+02
7.570190000000000055e+02 1.098810000000000002e+02
7.579370000000000118e+02 1.088640000000000043e+02
7.588540000000000418e+02 1.121359999999999957e+02
7.597709999999999582e+02 1.118139999999999930e+02
7.606900000000000546e+02 1.118299999999999983e+02
7.616059999999999945e+02 1.127969999999999970e+02
7.625230000000000246e+02 1.110849999999999937e+02
7.634400000000000546e+02 1.128979999999999961e+02
7.643569999999999709e+02 1.121860000000000070e+02
7.652730000000000246e+02 1.138469999999999942e+02
7.661889999999999645e+02 1.143900000000000006e+02
7.671059999999999945e+02 1.153559999999999945e+02
7.680220000000000482e+02 1.124410000000000025e+02
7.689379999999999882e+02 1.151020000000000039e+02
7.698540000000000418e+02 1.141689999999999969e+02
7.707690000000000055e+02 1.179830000000000041e+02
7.716849999999999454e+02 1.169150000000000063e+02
7.726009999999999991e+02 1.157969999999999970e+02
7.735159999999999627e+02 1.177120000000000033e+02
7.744299999999999500e+02 1.196779999999999973e+02
7.753450000000000273e+02 1.210340000000000060e+02
7.762599999999999909e+02 1.226440000000000055e+02
7.771749999999999545e+02 1.223900000000000006e+02
7.780890000000000555e+02 1.254410000000000025e+02
7.790040000000000191e+02 1.203900000000000006e+02
7.799180000000000064e+02 1.235930000000000035e+02
7.808319999999999936e+02 1.241860000000000070e+02
7.817459999999999809e+02 1.240510000000000019e+02
7.826599999999999682e+02 1.259150000000000063e+02
7.835729999999999791e+02 1.278810000000000002e+02
7.844869999999999663e+02 1.268979999999999961e+02
7.853999999999999773e+02 1.289319999999999879e+02
7.863139999999999645e+02 1.270849999999999937e+02
7.872259999999999991e+02 1.291699999999999875e+02
7.881399999999999864e+02 1.280680000000000121e+02
7.890520000000000209e+02 1.302880000000000109e+02
7.899640000000000555e+02 1.300000000000000000e+02
7.908769999999999527e+02 1.324579999999999984e+02
7.917889999999999873e+02 1.328810000000000002e+02
7.927010000000000218e+02 1.334919999999999902e+02
7.936140000000000327e+02 1.368480000000000132e+02
7.945259999999999536e+02 1.369660000000000082e+02
7.954370000000000118e+02 1.362369999999999948e+02
7.963479999999999563e+02 1.366949999999999932e+02
7.972609999999999673e+02 1.378139999999999930e+02
7.981720000000000255e+02 1.412880000000000109e+02
7.990829999999999700e+02 1.394919999999999902e+02
7.999940000000000282e+02 1.387630000000000052e+02
8.009039999999999964e+02 1.427460000000000093e+02
8.018150000000000546e+02 1.437800000000000011e+02
8.027259999999999991e+02 1.420169999999999959e+02
8.036359999999999673e+02 1.443389999999999986e+02
8.045460000000000491e+02 1.470680000000000121e+02
8.054569999999999936e+02 1.495250000000000057e+02
8.063669999999999618e+02 1.505929999999999893e+02
8.072770000000000437e+02 1.523050000000000068e+02
8.081860000000000355e+02 1.526270000000000095e+02
8.090960000000000036e+02 1.525080000000000098e+02
8.100049999999999955e+02 1.555250000000000057e+02
8.109139999999999873e+02 1.554240000000000066e+02
8.118229999999999791e+02 1.593389999999999986e+02
8.127329999999999472e+02 1.576610000000000014e+02
8.136409999999999627e+02 1.578470000000000084e+02
8.145499999999999545e+02 1.575929999999999893e+02
8.154589999999999463e+02 1.596440000000000055e+02
8.163659999999999854e+02 1.614410000000000025e+02
8.172749999999999773e+02 1.611020000000000039e+02
8.181839999999999691e+02 1.619830000000000041e+02
8.190910000000000082e+02 1.605589999999999975e+02
8.199990000000000236e+02 1.619490000000000123e+02
8.209059999999999491e+02 1.618979999999999961e+02
8.218139999999999645e+02 1.634240000000000066e+02
8.227210000000000036e+02 1.641020000000000039e+02
8.236290000000000191e+02 1.626610000000000014e+02
8.245359999999999445e+02 1.607119999999999891e+02
8.254429999999999836e+02 1.589490000000000123e+02
8.263500000000000227e+02 1.601189999999999998e+02
8.272559999999999718e+02 1.593729999999999905e+02
8.281630000000000109e+02 1.587290000000000134e+02
8.290689999999999600e+02 1.595420000000000016e+02
8.299750000000000227e+02 1.554579999999999984e+02
8.308809999999999718e+02 1.561690000000000111e+02
8.317880000000000109e+02 1.551860000000000070e+02
8.326929999999999836e+02 1.525250000000000057e+02
8.335990000000000464e+02 1.527119999999999891e+02
8.345040000000000191e+02 1.526100000000000136e+02
8.354089999999999918e+02 1.480169999999999959e+02
8.363139999999999645e+02 1.478139999999999930e+02
8.372190000000000509e+02 1.477119999999999891e+02
8.381240000000000236e+02 1.488979999999999961e+02
8.390289999999999964e+02 1.444749999999999943e+02
8.399329999999999927e+02 1.461529999999999916e+02
8.408379999999999654e+02 1.462199999999999989e+02
8.417419999999999618e+02 1.458309999999999889e+02
8.426470000000000482e+02 1.460169999999999959e+02
8.435510000000000446e+02 1.452709999999999866e+02
8.444550000000000409e+02 1.448979999999999961e+02
8.453590000000000373e+02 1.447969999999999970e+02
8.462630000000000337e+02 1.465250000000000057e+02
8.471649999999999636e+02 1.468470000000000084e+02
8.480689999999999600e+02 1.464070000000000107e+02
8.489729999999999563e+02 1.485759999999999934e+02
8.498759999999999764e+02 1.464240000000000066e+02
8.507780000000000200e+02 1.449490000000000123e+02
8.516810000000000400e+02 1.481020000000000039e+02
8.525829999999999700e+02 1.492709999999999866e+02
8.534859999999999900e+02 1.446100000000000136e+02
8.543890000000000100e+02 1.456610000000000014e+02
8.552899999999999636e+02 1.451860000000000070e+02
8.561929999999999836e+02 1.456440000000000055e+02
8.570940000000000509e+02 1.465929999999999893e+02
8.579969999999999573e+02 1.491690000000000111e+02
8.588980000000000246e+02 1.464919999999999902e+02
8.597999999999999545e+02 1.467800000000000011e+02
8.607010000000000218e+02 1.475759999999999934e+02
8.616009999999999991e+02 1.484749999999999943e+02
8.625030000000000427e+02 1.494240000000000066e+02
8.634039999999999964e+02 1.485929999999999893e+02
8.643039999999999736e+02 1.504240000000000066e+02
8.652060000000000173e+02 1.519830000000000041e+02
8.661059999999999945e+02 1.519490000000000123e+02
8.670059999999999718e+02 1.506610000000000014e+02
8.679059999999999491e+02 1.530169999999999959e+02
8.688049999999999500e+02 1.543220000000000027e+02
8.697060000000000173e+02 1.509490000000000123e+02
8.706059999999999945e+02 1.518640000000000043e+02
8.715059999999999718e+02 1.518979999999999961e+02
8.724049999999999727e+02 1.525759999999999934e+02
8.733039999999999736e+02 1.542539999999999907e+02
8.742029999999999745e+02 1.557460000000000093e+02
8.751019999999999754e+02 1.560000000000000000e+02
8.760009999999999764e+02 1.552030000000000030e+02
8.768999999999999773e+02 1.568810000000000002e+02
8.777989999999999782e+02 1.536440000000000055e+02
8.786960000000000264e+02 1.550509999999999877e+02
8.795950000000000273e+02 1.558810000000000002e+02
8.804930000000000518e+02 1.564240000000000066e+02
8.813909999999999627e+02 1.593899999999999864e+02
8.822889999999999873e+02 1.572369999999999948e+02
8.831860000000000355e+02 1.583220000000000027e+02
8.840839999999999463e+02 1.587800000000000011e+02
8.849819999999999709e+02 1.577630000000000052e+02
8.858799999999999955e+02 1.597800000000000011e+02
8.867759999999999536e+02 1.584579999999999984e+02
8.876730000000000018e+02 1.604749999999999943e+02
8.885689999999999600e+02 1.602030000000000030e+02
8.894669999999999845e+02 1.607800000000000011e+02
8.903640000000000327e+02 1.609830000000000041e+02
8.912599999999999909e+02 1.625589999999999975e+02
8.921570000000000391e+02 1.615420000000000016e+02
8.930520000000000209e+02 1.622880000000000109e+02
8.939479999999999791e+02 1.620339999999999918e+02
8.948440000000000509e+02 1.639660000000000082e+02
8.957400000000000091e+02 1.654749999999999943e+02
8.966359999999999673e+02 1.653050000000000068e+02
8.975309999999999491e+02 1.634579999999999984e+02
8.984260000000000446e+02 1.616270000000000095e+02
8.993220000000000027e+02 1.659660000000000082e+02
9.002169999999999845e+02 1.637969999999999970e+02
9.011109999999999900e+02 1.644749999999999943e+02
9.020059999999999718e+02 1.660680000000000121e+02
9.028999999999999773e+02 1.665759999999999934e+02
9.037960000000000491e+02 1.692539999999999907e+02
9.046900000000000546e+02 1.665250000000000057e+02
9.055839999999999463e+02 1.681860000000000070e+02
9.064779999999999518e+02 1.698139999999999930e+02
9.073709999999999809e+02 1.717630000000000052e+02
9.082649999999999864e+02 1.693220000000000027e+02
9.091589999999999918e+02 1.703050000000000068e+02
9.100520000000000209e+02 1.736440000000000055e+02
9.109450000000000500e+02 1.720850000000000080e+02
9.118390000000000555e+02 1.745759999999999934e+02
9.127319999999999709e+02 1.749830000000000041e+02
9.136250000000000000e+02 1.812369999999999948e+02
9.145170000000000528e+02 1.784910000000000139e+02
9.154089999999999918e+02 1.810509999999999877e+02
9.163020000000000209e+02 1.824410000000000025e+02
9.171950000000000500e+02 1.882199999999999989e+02
9.180869999999999891e+02 1.903729999999999905e+02
9.189779999999999518e+02 1.941699999999999875e+02
9.198709999999999809e+02 1.915589999999999975e+02
9.207630000000000337e+02 2.003050000000000068e+02
9.216539999999999964e+02 2.037630000000000052e+02
9.225449999999999591e+02 2.128640000000000043e+02
9.234360000000000355e+02 2.224919999999999902e+02
9.243279999999999745e+02 2.295250000000000057e+02
9.252179999999999609e+02 2.405420000000000016e+02
9.261100000000000136e+02 2.565079999999999814e+02
9.270000000000000000e+02 2.841859999999999786e+02
9.278909999999999627e+02 3.158469999999999800e+02
9.287809999999999491e+02 3.530339999999999918e+02
9.296720000000000255e+02 3.966949999999999932e+02
9.305620000000000118e+02 4.497629999999999768e+02
9.314510000000000218e+02 5.030339999999999918e+02
9.323419999999999845e+02 5.513390000000000555e+02
9.332319999999999709e+02 6.064239999999999782e+02
9.341209999999999809e+02 6.673390000000000555e+02
9.350109999999999673e+02 7.187630000000000337e+02
9.358999999999999773e+02 7.778310000000000173e+02
9.367889999999999873e+02 8.316779999999999973e+02
9.376779999999999973e+02 8.831689999999999827e+02
9.385670000000000073e+02 9.336100000000000136e+02
9.394550000000000409e+02 9.709829999999999472e+02
9.403440000000000509e+02 1.003139999999999986e+03
9.412319999999999709e+02 1.017409999999999968e+03
9.421219999999999573e+02 1.030900000000000091e+03
9.430099999999999909e+02 1.017679999999999950e+03
9.438970000000000482e+02 9.988310000000000173e+02
9.447849999999999682e+02 9.778139999999999645e+02
9.456730000000000018e+02 9.640850000000000364e+02
9.465599999999999454e+02 9.414410000000000309e+02
9.474479999999999791e+02 9.361190000000000282e+02
9.483360000000000127e+02 9.309660000000000082e+02
9.492229999999999563e+02 9.261190000000000282e+02
9.501100000000000136e+02 9.179660000000000082e+02
9.509959999999999809e+02 9.108809999999999718e+02
9.518830000000000382e+02 9.093899999999999864e+02
9.527699999999999818e+02 9.031699999999999591e+02
9.536559999999999491e+02 9.031860000000000355e+02
9.545430000000000064e+02 8.976779999999999973e+02
9.554289999999999736e+02 8.897290000000000418e+02
9.563150000000000546e+02 8.915249999999999773e+02
9.572010000000000218e+02 8.765929999999999609e+02
9.580869999999999891e+02 8.768980000000000246e+02
9.589719999999999800e+02 8.735080000000000382e+02
9.598590000000000373e+02 8.662880000000000109e+02
9.607430000000000518e+02 8.646440000000000055e+02
9.616280000000000427e+02 8.571349999999999909e+02
9.625140000000000100e+02 8.534070000000000391e+02
9.633980000000000246e+02 8.568469999999999800e+02
9.642839999999999918e+02 8.489320000000000164e+02
9.651680000000000064e+02 8.456269999999999527e+02
9.660520000000000209e+02 8.370679999999999836e+02
9.669370000000000118e+02 8.355929999999999609e+02
9.678210000000000264e+02 8.317290000000000418e+02
9.687050000000000409e+02 8.236950000000000500e+02
9.695890000000000555e+02 8.140850000000000364e+02
9.704740000000000464e+02 8.104239999999999782e+02
9.713569999999999709e+02 8.087970000000000255e+02
9.722400000000000091e+02 7.985249999999999773e+02
9.731240000000000236e+02 7.903899999999999864e+02
9.740069999999999482e+02 7.888139999999999645e+02
9.748899999999999864e+02 7.818139999999999645e+02
9.757730000000000246e+02 7.793559999999999945e+02
9.766559999999999491e+02 7.713730000000000473e+02
9.775380000000000109e+02 7.631019999999999754e+02
9.784210000000000491e+02 7.599149999999999636e+02
9.793029999999999973e+02 7.451530000000000200e+02
9.801860000000000355e+02 7.446950000000000500e+02
9.810679999999999836e+02 7.345090000000000146e+02
9.819489999999999554e+02 7.279320000000000164e+02
9.828310000000000173e+02 7.182709999999999582e+02
9.837129999999999654e+02 7.048139999999999645e+02
9.845950000000000273e+02 6.949829999999999472e+02
9.854769999999999754e+02 6.794410000000000309e+02
9.863569999999999709e+02 6.637290000000000418e+02
9.872390000000000327e+02 6.354919999999999618e+02
9.881200000000000045e+02 6.148980000000000246e+02
9.890000000000000000e+02 5.841860000000000355e+02
9.898809999999999718e+02 5.503049999999999500e+02
9.907609999999999673e+02 5.162540000000000191e+02
9.916420000000000528e+02 4.854409999999999741e+02
9.925220000000000482e+02 4.594920000000000186e+02
9.934020000000000437e+02 4.342029999999999745e+02
9.942820000000000391e+02 4.039320000000000164e+02
9.951620000000000346e+02 3.848310000000000173e+02
9.960420000000000300e+02 3.645760000000000218e+02
9.969220000000000255e+02 3.463559999999999945e+02
9.978010000000000446e+02 3.317289999999999850e+02
9.986799999999999500e+02 3.156610000000000014e+02
9.995599999999999454e+02 3.036610000000000014e+02
1.000440000000000055e+03 2.893220000000000027e+02
1.001320000000000050e+03 2.824409999999999741e+02
1.002200000000000045e+03 2.709830000000000041e+02
1.003080000000000041e+03 2.622200000000000273e+02
1.003950000000000045e+03 2.545420000000000016e+02
1.004830000000000041e+03 2.462369999999999948e+02
1.005710000000000036e+03 2.402539999999999907e+02
1.006590000000000032e+03 2.328470000000000084e+02
1.007470000000000027e+03 2.273050000000000068e+02
1.008340000000000032e+03 2.180509999999999877e+02
1.009220000000000027e+03 2.150000000000000000e+02
1.010100000000000023e+03 2.064579999999999984e+02
1.010980000000000018e+03 2.008470000000000084e+02
1.011850000000000023e+03 1.957290000000000134e+02
1.012730000000000018e+03 1.925250000000000057e+02
1.013610000000000014e+03 1.829830000000000041e+02
1.014480000000000018e+03 1.825080000000000098e+02
1.015360000000000014e+03 1.787800000000000011e+02
1.016240000000000009e+03 1.714410000000000025e+02
1.017110000000000014e+03 1.670339999999999918e+02
1.017990000000000009e+03 1.637119999999999891e+02
1.018870000000000005e+03 1.586270000000000095e+02
1.019740000000000009e+03 1.588300000000000125e+02
1.020620000000000005e+03 1.520169999999999959e+02
1.021490000000000009e+03 1.489660000000000082e+02
1.022370000000000005e+03 1.430000000000000000e+02
1.023240000000000009e+03 1.418139999999999930e+02
1.024119999999999891e+03 1.405420000000000016e+02
1.024990000000000009e+03 1.336949999999999932e+02
1.025869999999999891e+03 1.292199999999999989e+02
1.026740000000000009e+03 1.277459999999999951e+02
1.027619999999999891e+03 1.245589999999999975e+02
1.028490000000000009e+03 1.185589999999999975e+02
1.029369999999999891e+03 1.160340000000000060e+02
1.030240000000000009e+03 1.120169999999999959e+02
1.031119999999999891e+03 1.102030000000000030e+02
1.031990000000000009e+03 1.071689999999999969e+02
1.032859999999999900e+03 1.028139999999999930e+02
1.033740000000000009e+03 9.696609999999999729e+01
1.034609999999999900e+03 9.500000000000000000e+01
1.035480000000000018e+03 9.167799999999999727e+01
1.036359999999999900e+03 8.845759999999999934e+01
1.037230000000000018e+03 8.474580000000000268e+01
1.038099999999999909e+03 7.928810000000000002e+01
1.038980000000000018e+03 7.362709999999999866e+01
1.039849999999999909e+03 7.067799999999999727e+01
1.040720000000000027e+03 6.644070000000000675e+01
1.041599999999999909e+03 6.381360000000000099e+01
1.042470000000000027e+03 5.898310000000000031e+01
1.043339999999999918e+03 5.742369999999999663e+01
1.044210000000000036e+03 5.593220000000000169e+01
1.045079999999999927e+03 5.372879999999999967e+01
1.045960000000000036e+03 5.306779999999999831e+01
1.046829999999999927e+03 5.255930000000000035e+01
1.047700000000000045e+03 5.262709999999999866e+01
1.048569999999999936e+03 4.918650000000000233e+01
1.049440000000000055e+03 4.966100000000000136e+01
